4096
0	0 0
1	0 0
2	0 0
3	0 0
4	0 0
5	0 0
6	0 0
7	0 0
8	0 0
9	0 0
10	0 0
11	0 0
12	0 0
13	0 0
14	0 0
15	0 0
16	0 0
17	0 0
18	0 0
19	0 0
20	0 0
21	0 0
22	0 0
23	0 0
24	0 0
25	0 0
26	0 0
27	0 0
28	0 0
29	0 0
30	1 0
31	0 0
32	16 0
33	84 0
34	129 0
35	65 0
36	45 0
37	68 0
38	73 0
39	57 0
40	40 0
41	27 0
42	92 0
43	45 0
44	39 0
45	0 0
46	0 0
47	0 0
48	0 0
49	0 0
50	0 0
51	0 0
52	0 0
53	0 0
54	0 0
55	0 0
56	0 0
57	0 0
58	0 0
59	0 0
60	0 0
61	0 0
62	0 0
63	0 0
64	0 0
65	0 0
66	0 0
67	0 0
68	0 0
69	0 0
70	0 0
71	0 0
72	0 0
73	0 0
74	0 0
75	0 0
76	0 0
77	0 0
78	0 0
79	0 0
80	0 0
81	0 0
82	0 0
83	0 0
84	0 0
85	0 0
86	0 0
87	0 0
88	0 0
89	0 0
90	0 0
91	0 0
92	7 0
93	20 0
94	74 0
95	128 0
96	82 0
97	119 0
98	75 0
99	88 0
100	105 0
101	58 0
102	64 0
103	48 0
104	57 0
105	46 0
106	44 0
107	56 0
108	63 0
109	0 0
110	0 0
111	0 0
112	0 0
113	0 0
114	0 0
115	0 0
116	0 0
117	0 0
118	0 0
119	0 0
120	0 0
121	0 0
122	0 0
123	0 0
124	0 0
125	0 0
126	0 0
127	0 0
128	0 0
129	0 0
130	0 0
131	0 0
132	0 0
133	0 0
134	0 0
135	0 0
136	0 0
137	0 0
138	0 0
139	0 0
140	0 0
141	0 0
142	0 0
143	0 0
144	0 0
145	0 0
146	0 0
147	0 0
148	0 0
149	0 0
150	0 0
151	0 0
152	0 0
153	0 0
154	0 0
155	8 0
156	51 0
157	58 0
158	36 0
159	128 0
160	106 0
161	255 0
162	225 0
163	189 0
164	189 0
165	83 0
166	46 0
167	46 0
168	151 0
169	133 0
170	71 0
171	56 0
172	71 0
173	19 0
174	3 0
175	0 0
176	0 0
177	0 0
178	0 0
179	0 0
180	0 0
181	0 0
182	0 0
183	0 0
184	0 0
185	0 0
186	0 0
187	0 0
188	0 0
189	0 0
190	0 0
191	0 0
192	0 0
193	0 0
194	0 0
195	0 0
196	0 0
197	0 0
198	0 0
199	0 0
200	0 0
201	0 0
202	0 0
203	0 0
204	0 0
205	0 0
206	0 0
207	0 0
208	0 0
209	0 0
210	0 0
211	0 0
212	0 0
213	0 0
214	0 0
215	0 0
216	0 0
217	0 0
218	6 0
219	49 0
220	79 0
221	56 0
222	62 0
223	37 0
224	61 0
225	235 0
226	218 0
227	184 0
228	184 0
229	85 0
230	62 0
231	57 0
232	174 0
233	188 0
234	188 0
235	84 0
236	67 0
237	32 0
238	4 0
239	0 0
240	0 0
241	0 0
242	0 0
243	0 0
244	0 0
245	0 0
246	0 0
247	0 0
248	0 0
249	0 0
250	0 0
251	0 0
252	0 0
253	0 0
254	0 0
255	0 0
256	0 0
257	0 0
258	0 0
259	0 0
260	0 0
261	0 0
262	0 0
263	0 0
264	0 0
265	0 0
266	0 0
267	0 0
268	0 0
269	0 0
270	0 0
271	0 0
272	0 0
273	0 0
274	0 0
275	0 0
276	0 0
277	0 0
278	0 0
279	0 0
280	0 0
281	7 0
282	67 0
283	90 0
284	41 0
285	149 0
286	111 0
287	49 0
288	62 0
289	180 0
290	209 0
291	189 0
292	185 0
293	92 0
294	66 0
295	74 0
296	181 0
297	180 0
298	183 0
299	78 0
300	30 0
301	16 0
302	0 0
303	0 0
304	0 0
305	0 0
306	0 0
307	0 0
308	0 0
309	0 0
310	0 0
311	0 0
312	0 0
313	0 0
314	0 0
315	0 0
316	0 0
317	0 0
318	0 0
319	0 0
320	0 0
321	0 0
322	0 0
323	0 0
324	0 0
325	0 0
326	0 0
327	0 0
328	0 0
329	0 0
330	0 0
331	0 0
332	0 0
333	0 0
334	0 0
335	0 0
336	0 0
337	0 0
338	0 0
339	0 0
340	0 0
341	0 0
342	0 0
343	0 0
344	0 0
345	26 0
346	122 0
347	59 0
348	117 0
349	193 0
350	126 0
351	63 0
352	66 0
353	162 0
354	212 0
355	191 0
356	184 0
357	120 0
358	23 0
359	95 0
360	187 0
361	182 0
362	165 0
363	69 0
364	78 0
365	28 0
366	0 0
367	0 0
368	0 0
369	0 0
370	0 0
371	0 0
372	0 0
373	0 0
374	0 0
375	0 0
376	0 0
377	0 0
378	0 0
379	0 0
380	0 0
381	0 0
382	0 0
383	0 0
384	0 0
385	0 0
386	0 0
387	0 0
388	0 0
389	0 0
390	0 0
391	0 0
392	0 0
393	0 0
394	0 0
395	0 0
396	0 0
397	0 0
398	0 0
399	0 0
400	0 0
401	0 0
402	0 0
403	0 0
404	0 0
405	0 0
406	0 0
407	0 0
408	8 0
409	38 0
410	52 0
411	88 0
412	189 0
413	184 0
414	159 0
415	32 0
416	55 0
417	183 0
418	208 0
419	194 0
420	178 0
421	178 0
422	148 0
423	163 0
424	181 0
425	185 0
426	142 0
427	44 0
428	38 0
429	0 0
430	0 0
431	0 0
432	0 0
433	0 0
434	0 0
435	0 0
436	0 0
437	0 0
438	0 0
439	0 0
440	0 0
441	0 0
442	0 0
443	0 0
444	0 0
445	0 0
446	0 0
447	0 0
448	0 0
449	0 0
450	0 0
451	0 0
452	0 0
453	0 0
454	0 0
455	0 0
456	0 0
457	0 0
458	0 0
459	0 0
460	0 0
461	0 0
462	0 0
463	0 0
464	0 0
465	0 0
466	0 0
467	0 0
468	0 0
469	0 0
470	0 0
471	0 0
472	4 0
473	22 0
474	29 0
475	84 0
476	184 0
477	180 0
478	178 0
479	127 0
480	171 0
481	208 0
482	202 0
483	197 0
484	178 0
485	179 0
486	185 0
487	182 0
488	177 0
489	187 0
490	107 0
491	62 0
492	51 0
493	12 0
494	0 0
495	0 0
496	0 0
497	0 0
498	0 0
499	0 0
500	0 0
501	0 0
502	0 0
503	0 0
504	0 0
505	0 0
506	0 0
507	0 0
508	0 0
509	0 0
510	0 0
511	0 0
512	0 0
513	0 0
514	0 0
515	0 0
516	0 0
517	0 0
518	0 0
519	0 0
520	0 0
521	0 0
522	0 0
523	0 0
524	0 0
525	0 0
526	0 0
527	0 0
528	0 0
529	0 0
530	0 0
531	0 0
532	0 0
533	0 0
534	0 0
535	0 0
536	0 0
537	13 0
538	35 0
539	40 0
540	145 0
541	185 0
542	178 0
543	184 0
544	193 0
545	202 0
546	202 0
547	199 0
548	179 0
549	178 0
550	178 0
551	178 0
552	179 0
553	184 0
554	79 0
555	63 0
556	18 0
557	1 0
558	0 0
559	0 0
560	0 0
561	0 0
562	0 0
563	0 0
564	0 0
565	0 0
566	0 0
567	0 0
568	0 0
569	0 0
570	0 0
571	0 0
572	0 0
573	0 0
574	0 0
575	0 0
576	0 0
577	0 0
578	0 0
579	0 0
580	0 0
581	0 0
582	0 0
583	0 0
584	0 0
585	0 0
586	0 0
587	0 0
588	0 0
589	0 0
590	0 0
591	0 0
592	0 0
593	0 0
594	0 0
595	0 0
596	0 0
597	0 0
598	0 0
599	0 0
600	0 0
601	3 0
602	24 0
603	35 0
604	87 0
605	186 0
606	179 0
607	177 0
608	183 0
609	201 0
610	202 0
611	200 0
612	182 0
613	178 0
614	179 0
615	178 0
616	181 0
617	172 0
618	69 0
619	55 0
620	28 0
621	0 0
622	0 0
623	0 0
624	0 0
625	0 0
626	0 0
627	0 0
628	0 0
629	0 0
630	0 0
631	0 0
632	0 0
633	0 0
634	0 0
635	0 0
636	0 0
637	0 0
638	0 0
639	0 0
640	0 0
641	0 0
642	0 0
643	0 0
644	0 0
645	0 0
646	0 0
647	0 0
648	0 0
649	0 0
650	0 0
651	0 0
652	0 0
653	0 0
654	0 0
655	0 0
656	0 0
657	0 0
658	0 0
659	0 0
660	0 0
661	0 0
662	0 0
663	0 0
664	0 0
665	0 0
666	13 0
667	42 0
668	49 0
669	154 0
670	184 0
671	178 0
672	179 0
673	202 0
674	210 0
675	207 0
676	184 0
677	177 0
678	180 0
679	184 0
680	188 0
681	148 0
682	60 0
683	71 0
684	8 0
685	0 0
686	0 0
687	0 0
688	0 0
689	0 0
690	0 0
691	0 0
692	0 0
693	0 0
694	0 0
695	0 0
696	0 0
697	0 0
698	0 0
699	0 0
700	0 0
701	0 0
702	0 0
703	0 0
704	0 0
705	0 0
706	0 0
707	0 0
708	0 0
709	0 0
710	0 0
711	0 0
712	0 0
713	0 0
714	0 0
715	0 0
716	0 0
717	0 0
718	0 0
719	0 0
720	0 0
721	0 0
722	0 0
723	0 0
724	0 0
725	0 0
726	0 0
727	0 0
728	0 0
729	0 0
730	9 0
731	38 0
732	35 0
733	96 0
734	186 0
735	179 0
736	184 0
737	182 0
738	154 0
739	131 0
740	118 0
741	115 0
742	119 0
743	131 0
744	170 0
745	122 0
746	41 0
747	40 0
748	9 0
749	0 0
750	0 0
751	0 0
752	0 0
753	0 0
754	0 0
755	0 0
756	0 0
757	0 0
758	0 0
759	0 0
760	0 0
761	0 0
762	0 0
763	0 0
764	0 0
765	0 0
766	0 0
767	0 0
768	0 0
769	0 0
770	0 0
771	0 0
772	0 0
773	0 0
774	0 0
775	0 0
776	0 0
777	0 0
778	0 0
779	0 0
780	0 0
781	0 0
782	0 0
783	0 0
784	0 0
785	0 0
786	0 0
787	0 0
788	0 0
789	0 0
790	0 0
791	0 0
792	0 0
793	0 0
794	0 0
795	26 0
796	46 0
797	50 0
798	166 0
799	185 0
800	136 0
801	105 0
802	106 0
803	112 0
804	117 0
805	117 0
806	116 0
807	109 0
808	114 0
809	62 0
810	93 0
811	44 0
812	6 0
813	0 0
814	0 0
815	0 0
816	0 0
817	0 0
818	0 0
819	0 0
820	0 0
821	0 0
822	0 0
823	0 0
824	0 0
825	0 0
826	0 0
827	0 0
828	0 0
829	0 0
830	0 0
831	0 0
832	0 0
833	0 0
834	0 0
835	0 0
836	0 0
837	0 0
838	0 0
839	0 0
840	0 0
841	0 0
842	0 0
843	0 0
844	0 0
845	0 0
846	0 0
847	0 0
848	0 0
849	0 0
850	0 0
851	0 0
852	0 0
853	0 0
854	0 0
855	0 0
856	0 0
857	0 0
858	0 0
859	12 0
860	56 0
861	43 0
862	102 0
863	134 0
864	103 0
865	121 0
866	124 0
867	122 0
868	121 0
869	121 0
870	122 0
871	130 0
872	112 0
873	50 0
874	48 0
875	17 0
876	0 0
877	0 0
878	0 0
879	0 0
880	0 0
881	0 0
882	0 0
883	0 0
884	0 0
885	0 0
886	0 0
887	0 0
888	0 0
889	0 0
890	0 0
891	0 0
892	0 0
893	0 0
894	0 0
895	0 0
896	0 0
897	0 0
898	0 0
899	0 0
900	0 0
901	0 0
902	0 0
903	0 0
904	0 0
905	0 0
906	0 0
907	0 0
908	0 0
909	0 0
910	0 0
911	16 0
912	31 0
913	19 0
914	21 0
915	21 0
916	21 0
917	21 0
918	21 0
919	21 0
920	21 0
921	21 0
922	21 0
923	22 0
924	34 0
925	57 0
926	44 0
927	101 0
928	132 0
929	127 0
930	126 0
931	126 0
932	127 0
933	128 0
934	126 0
935	102 0
936	50 0
937	30 0
938	28 0
939	31 0
940	21 0
941	21 0
942	21 0
943	21 0
944	21 0
945	21 0
946	21 0
947	21 0
948	21 0
949	20 0
950	22 0
951	58 0
952	13 0
953	3 0
954	0 0
955	0 0
956	0 0
957	0 0
958	0 0
959	0 0
960	0 0
961	0 0
962	0 0
963	0 0
964	0 0
965	0 0
966	0 0
967	0 0
968	0 0
969	0 0
970	0 0
971	0 0
972	4 0
973	14 0
974	26 0
975	71 0
976	53 0
977	44 0
978	45 0
979	45 0
980	45 0
981	45 0
982	45 0
983	45 0
984	45 0
985	45 0
986	45 0
987	45 0
988	42 0
989	53 0
990	63 0
991	46 0
992	76 0
993	95 0
994	101 0
995	101 0
996	95 0
997	82 0
998	57 0
999	41 0
1000	70 0
1001	39 0
1002	37 0
1003	44 0
1004	45 0
1005	45 0
1006	45 0
1007	45 0
1008	45 0
1009	45 0
1010	45 0
1011	45 0
1012	45 0
1013	44 0
1014	48 0
1015	77 0
1016	22 0
1017	26 0
1018	0 0
1019	0 0
1020	0 0
1021	0 0
1022	0 0
1023	0 0
1024	0 0
1025	0 0
1026	0 0
1027	0 0
1028	0 0
1029	0 0
1030	0 0
1031	0 0
1032	0 0
1033	0 0
1034	0 0
1035	0 0
1036	0 0
1037	30 0
1038	46 0
1039	69 0
1040	36 0
1041	38 0
1042	38 0
1043	38 0
1044	38 0
1045	38 0
1046	38 0
1047	38 0
1048	38 0
1049	38 0
1050	38 0
1051	38 0
1052	38 0
1053	37 0
1054	39 0
1055	18 0
1056	9 0
1057	13 0
1058	16 0
1059	17 0
1060	16 0
1061	16 0
1062	18 0
1063	39 0
1064	46 0
1065	39 0
1066	39 0
1067	38 0
1068	38 0
1069	38 0
1070	38 0
1071	38 0
1072	38 0
1073	38 0
1074	38 0
1075	38 0
1076	38 0
1077	38 0
1078	40 0
1079	41 0
1080	39 0
1081	43 0
1082	17 0
1083	1 0
1084	0 0
1085	0 0
1086	0 0
1087	0 0
1088	0 0
1089	0 0
1090	0 0
1091	0 0
1092	0 0
1093	0 0
1094	0 0
1095	0 0
1096	0 0
1097	0 0
1098	12 0
1099	51 0
1100	78 0
1101	28 0
1102	45 0
1103	96 0
1104	143 0
1105	151 0
1106	149 0
1107	149 0
1108	149 0
1109	149 0
1110	149 0
1111	149 0
1112	149 0
1113	149 0
1114	149 0
1115	151 0
1116	151 0
1117	149 0
1118	155 0
1119	166 0
1120	170 0
1121	169 0
1122	167 0
1123	161 0
1124	151 0
1125	139 0
1126	122 0
1127	103 0
1128	141 0
1129	151 0
1130	150 0
1131	150 0
1132	149 0
1133	149 0
1134	149 0
1135	149 0
1136	149 0
1137	149 0
1138	149 0
1139	149 0
1140	149 0
1141	150 0
1142	149 0
1143	118 0
1144	64 0
1145	35 0
1146	57 0
1147	7 0
1148	0 0
1149	0 0
1150	0 0
1151	0 0
1152	0 0
1153	0 0
1154	0 0
1155	0 0
1156	0 0
1157	0 0
1158	0 0
1159	0 0
1160	0 0
1161	0 0
1162	31 0
1163	95 0
1164	42 0
1165	94 0
1166	216 0
1167	255 0
1168	255 0
1169	255 0
1170	255 0
1171	255 0
1172	255 0
1173	255 0
1174	255 0
1175	255 0
1176	255 0
1177	255 0
1178	255 0
1179	255 0
1180	255 0
1181	255 0
1182	236 0
1183	181 0
1184	168 0
1185	147 0
1186	126 0
1187	108 0
1188	93 0
1189	85 0
1190	84 0
1191	58 0
1192	142 0
1193	255 0
1194	255 0
1195	255 0
1196	255 0
1197	255 0
1198	255 0
1199	255 0
1200	255 0
1201	255 0
1202	255 0
1203	255 0
1204	255 0
1205	255 0
1206	255 0
1207	255 0
1208	241 0
1209	140 0
1210	34 0
1211	32 0
1212	20 0
1213	3 0
1214	0 0
1215	0 0
1216	0 0
1217	0 0
1218	0 0
1219	0 0
1220	0 0
1221	0 0
1222	0 0
1223	0 0
1224	0 0
1225	11 0
1226	22 0
1227	36 0
1228	102 0
1229	255 0
1230	255 0
1231	255 0
1232	255 0
1233	255 0
1234	255 0
1235	255 0
1236	255 0
1237	255 0
1238	255 0
1239	255 0
1240	255 0
1241	255 0
1242	246 0
1243	137 0
1244	135 0
1245	234 0
1246	76 0
1247	64 0
1248	79 0
1249	94 0
1250	108 0
1251	124 0
1252	141 0
1253	152 0
1254	161 0
1255	166 0
1256	74 0
1257	188 0
1258	180 0
1259	246 0
1260	255 0
1261	255 0
1262	255 0
1263	255 0
1264	255 0
1265	255 0
1266	255 0
1267	255 0
1268	255 0
1269	255 0
1270	255 0
1271	255 0
1272	255 0
1273	255 0
1274	168 0
1275	32 0
1276	58 0
1277	42 0
1278	3 0
1279	0 0
1280	0 0
1281	0 0
1282	0 0
1283	0 0
1284	0 0
1285	0 0
1286	0 0
1287	0 0
1288	1 0
1289	24 0
1290	52 0
1291	61 0
1292	242 0
1293	255 0
1294	255 0
1295	255 0
1296	255 0
1297	255 0
1298	255 0
1299	255 0
1300	255 0
1301	255 0
1302	255 0
1303	255 0
1304	255 0
1305	255 0
1306	176 0
1307	3 0
1308	47 0
1309	114 0
1310	40 0
1311	70 0
1312	91 0
1313	191 0
1314	191 0
1315	189 0
1316	194 0
1317	113 0
1318	41 0
1319	100 0
1320	73 0
1321	38 0
1322	7 0
1323	139 0
1324	255 0
1325	255 0
1326	255 0
1327	255 0
1328	255 0
1329	255 0
1330	255 0
1331	255 0
1332	255 0
1333	255 0
1334	255 0
1335	255 0
1336	255 0
1337	255 0
1338	255 0
1339	119 0
1340	36 0
1341	38 0
1342	18 0
1343	0 0
1344	0 0
1345	0 0
1346	0 0
1347	0 0
1348	0 0
1349	0 0
1350	0 0
1351	0 0
1352	9 0
1353	74 0
1354	43 0
1355	158 0
1356	255 0
1357	255 0
1358	255 0
1359	255 0
1360	255 0
1361	255 0
1362	255 0
1363	255 0
1364	255 0
1365	255 0
1366	255 0
1367	255 0
1368	255 0
1369	255 0
1370	156 0
1371	16 0
1372	34 0
1373	29 0
1374	29 0
1375	13 0
1376	50 0
1377	179 0
1378	184 0
1379	185 0
1380	191 0
1381	85 0
1382	10 0
1383	24 0
1384	31 0
1385	29 0
1386	17 0
1387	87 0
1388	255 0
1389	255 0
1390	255 0
1391	255 0
1392	255 0
1393	255 0
1394	255 0
1395	255 0
1396	255 0
1397	255 0
1398	255 0
1399	255 0
1400	255 0
1401	255 0
1402	255 0
1403	224 0
1404	46 0
1405	57 0
1406	20 0
1407	0 0
1408	0 0
1409	0 0
1410	0 0
1411	0 0
1412	0 0
1413	0 0
1414	0 0
1415	0 0
1416	18 0
1417	38 0
1418	55 0
1419	225 0
1420	255 0
1421	255 0
1422	255 0
1423	255 0
1424	255 0
1425	255 0
1426	255 0
1427	255 0
1428	255 0
1429	255 0
1430	255 0
1431	255 0
1432	255 0
1433	255 0
1434	154 0
1435	11 0
1436	28 0
1437	20 0
1438	24 0
1439	32 0
1440	110 0
1441	193 0
1442	162 0
1443	145 0
1444	183 0
1445	147 0
1446	43 0
1447	21 0
1448	25 0
1449	31 0
1450	17 0
1451	98 0
1452	255 0
1453	255 0
1454	255 0
1455	255 0
1456	255 0
1457	255 0
1458	255 0
1459	255 0
1460	255 0
1461	255 0
1462	255 0
1463	255 0
1464	255 0
1465	255 0
1466	255 0
1467	255 0
1468	87 0
1469	78 0
1470	51 0
1471	7 0
1472	1 0
1473	5 0
1474	0 0
1475	32 0
1476	33 0
1477	21 0
1478	11 0
1479	28 0
1480	36 0
1481	61 0
1482	69 0
1483	251 0
1484	255 0
1485	255 0
1486	255 0
1487	255 0
1488	255 0
1489	255 0
1490	255 0
1491	255 0
1492	255 0
1493	255 0
1494	255 0
1495	255 0
1496	255 0
1497	255 0
1498	208 0
1499	53 0
1500	39 0
1501	99 0
1502	120 0
1503	155 0
1504	186 0
1505	156 0
1506	144 0
1507	133 0
1508	164 0
1509	182 0
1510	166 0
1511	104 0
1512	56 0
1513	30 0
1514	19 0
1515	159 0
1516	255 0
1517	255 0
1518	255 0
1519	255 0
1520	255 0
1521	255 0
1522	255 0
1523	255 0
1524	255 0
1525	255 0
1526	255 0
1527	255 0
1528	255 0
1529	255 0
1530	255 0
1531	255 0
1532	134 0
1533	26 0
1534	46 0
1535	10 0
1536	0 0
1537	42 0
1538	40 0
1539	70 0
1540	49 0
1541	29 0
1542	18 0
1543	33 0
1544	54 0
1545	65 0
1546	79 0
1547	252 0
1548	255 0
1549	255 0
1550	255 0
1551	255 0
1552	255 0
1553	255 0
1554	255 0
1555	255 0
1556	255 0
1557	255 0
1558	255 0
1559	255 0
1560	255 0
1561	255 0
1562	255 0
1563	97 0
1564	115 0
1565	179 0
1566	179 0
1567	182 0
1568	181 0
1569	94 0
1570	168 0
1571	193 0
1572	153 0
1573	139 0
1574	183 0
1575	184 0
1576	181 0
1577	139 0
1578	57 0
1579	231 0
1580	255 0
1581	255 0
1582	255 0
1583	255 0
1584	255 0
1585	255 0
1586	255 0
1587	255 0
1588	255 0
1589	255 0
1590	255 0
1591	255 0
1592	255 0
1593	255 0
1594	255 0
1595	255 0
1596	150 0
1597	15 0
1598	5 0
1599	1 0
1600	49 0
1601	43 0
1602	52 0
1603	51 0
1604	34 0
1605	24 0
1606	22 0
1607	24 0
1608	38 0
1609	18 0
1610	65 0
1611	252 0
1612	255 0
1613	255 0
1614	255 0
1615	255 0
1616	255 0
1617	255 0
1618	255 0
1619	255 0
1620	255 0
1621	255 0
1622	255 0
1623	255 0
1624	255 0
1625	255 0
1626	185 0
1627	66 0
1628	146 0
1629	35 0
1630	77 0
1631	176 0
1632	179 0
1633	92 0
1634	166 0
1635	184 0
1636	149 0
1637	133 0
1638	187 0
1639	151 0
1640	88 0
1641	148 0
1642	83 0
1643	166 0
1644	255 0
1645	255 0
1646	255 0
1647	255 0
1648	255 0
1649	255 0
1650	255 0
1651	255 0
1652	255 0
1653	255 0
1654	255 0
1655	255 0
1656	255 0
1657	255 0
1658	255 0
1659	255 0
1660	149 0
1661	15 0
1662	1 0
1663	0 0
1664	103 0
1665	38 0
1666	88 0
1667	128 0
1668	152 0
1669	164 0
1670	167 0
1671	163 0
1672	152 0
1673	133 0
1674	156 0
1675	253 0
1676	255 0
1677	255 0
1678	255 0
1679	255 0
1680	255 0
1681	255 0
1682	255 0
1683	255 0
1684	255 0
1685	255 0
1686	255 0
1687	226 0
1688	157 0
1689	143 0
1690	73 0
1691	134 0
1692	109 0
1693	48 0
1694	17 0
1695	119 0
1696	185 0
1697	93 0
1698	168 0
1699	183 0
1700	148 0
1701	136 0
1702	173 0
1703	43 0
1704	4 0
1705	56 0
1706	121 0
1707	97 0
1708	230 0
1709	159 0
1710	145 0
1711	174 0
1712	241 0
1713	255 0
1714	255 0
1715	255 0
1716	255 0
1717	255 0
1718	255 0
1719	255 0
1720	255 0
1721	255 0
1722	255 0
1723	255 0
1724	149 0
1725	15 0
1726	2 0
1727	0 0
1728	22 0
1729	175 0
1730	255 0
1731	255 0
1732	255 0
1733	255 0
1734	255 0
1735	255 0
1736	255 0
1737	255 0
1738	255 0
1739	255 0
1740	255 0
1741	255 0
1742	255 0
1743	255 0
1744	255 0
1745	255 0
1746	255 0
1747	255 0
1748	255 0
1749	255 0
1750	159 0
1751	32 0
1752	7 0
1753	2 0
1754	63 0
1755	187 0
1756	174 0
1757	162 0
1758	81 0
1759	88 0
1760	184 0
1761	94 0
1762	167 0
1763	178 0
1764	147 0
1765	143 0
1766	132 0
1767	56 0
1768	117 0
1769	113 0
1770	156 0
1771	81 0
1772	74 0
1773	5 0
1774	6 0
1775	8 0
1776	64 0
1777	235 0
1778	255 0
1779	255 0
1780	255 0
1781	255 0
1782	255 0
1783	255 0
1784	255 0
1785	255 0
1786	255 0
1787	255 0
1788	149 0
1789	15 0
1790	2 0
1791	0 0
1792	31 0
1793	181 0
1794	255 0
1795	255 0
1796	255 0
1797	255 0
1798	255 0
1799	255 0
1800	255 0
1801	255 0
1802	255 0
1803	255 0
1804	255 0
1805	255 0
1806	255 0
1807	255 0
1808	255 0
1809	255 0
1810	255 0
1811	255 0
1812	255 0
1813	246 0
1814	48 0
1815	6 0
1816	19 0
1817	9 0
1818	57 0
1819	193 0
1820	195 0
1821	166 0
1822	147 0
1823	141 0
1824	159 0
1825	109 0
1826	159 0
1827	165 0
1828	144 0
1829	125 0
1830	148 0
1831	126 0
1832	154 0
1833	197 0
1834	199 0
1835	121 0
1836	8 0
1837	16 0
1838	19 0
1839	14 0
1840	11 0
1841	203 0
1842	255 0
1843	255 0
1844	255 0
1845	255 0
1846	255 0
1847	255 0
1848	255 0
1849	255 0
1850	255 0
1851	255 0
1852	149 0
1853	15 0
1854	2 0
1855	0 0
1856	41 0
1857	68 0
1858	243 0
1859	255 0
1860	255 0
1861	255 0
1862	255 0
1863	255 0
1864	255 0
1865	255 0
1866	255 0
1867	255 0
1868	255 0
1869	255 0
1870	255 0
1871	255 0
1872	255 0
1873	255 0
1874	255 0
1875	255 0
1876	255 0
1877	246 0
1878	59 0
1879	14 0
1880	17 0
1881	16 0
1882	22 0
1883	98 0
1884	118 0
1885	133 0
1886	108 0
1887	71 0
1888	126 0
1889	146 0
1890	147 0
1891	149 0
1892	144 0
1893	92 0
1894	60 0
1895	74 0
1896	122 0
1897	111 0
1898	102 0
1899	77 0
1900	18 0
1901	17 0
1902	18 0
1903	13 0
1904	25 0
1905	216 0
1906	255 0
1907	255 0
1908	255 0
1909	255 0
1910	255 0
1911	255 0
1912	255 0
1913	255 0
1914	255 0
1915	255 0
1916	149 0
1917	15 0
1918	2 0
1919	0 0
1920	105 0
1921	15 0
1922	102 0
1923	254 0
1924	255 0
1925	255 0
1926	255 0
1927	255 0
1928	255 0
1929	255 0
1930	255 0
1931	255 0
1932	255 0
1933	255 0
1934	255 0
1935	255 0
1936	255 0
1937	255 0
1938	255 0
1939	255 0
1940	255 0
1941	254 0
1942	95 0
1943	15 0
1944	25 0
1945	23 0
1946	20 0
1947	9 0
1948	9 0
1949	7 0
1950	23 0
1951	109 0
1952	138 0
1953	137 0
1954	135 0
1955	134 0
1956	135 0
1957	137 0
1958	126 0
1959	62 0
1960	8 0
1961	7 0
1962	7 0
1963	10 0
1964	20 0
1965	20 0
1966	22 0
1967	16 0
1968	47 0
1969	240 0
1970	255 0
1971	255 0
1972	255 0
1973	255 0
1974	255 0
1975	255 0
1976	255 0
1977	255 0
1978	255 0
1979	255 0
1980	149 0
1981	15 0
1982	2 0
1983	0 0
1984	60 0
1985	47 0
1986	14 0
1987	106 0
1988	245 0
1989	255 0
1990	255 0
1991	255 0
1992	255 0
1993	255 0
1994	255 0
1995	255 0
1996	255 0
1997	255 0
1998	255 0
1999	255 0
2000	255 0
2001	255 0
2002	255 0
2003	255 0
2004	255 0
2005	255 0
2006	181 0
2007	27 0
2008	27 0
2009	26 0
2010	28 0
2011	30 0
2012	30 0
2013	29 0
2014	26 0
2015	51 0
2016	78 0
2017	93 0
2018	99 0
2019	101 0
2020	100 0
2021	92 0
2022	81 0
2023	51 0
2024	24 0
2025	29 0
2026	30 0
2027	29 0
2028	28 0
2029	29 0
2030	32 0
2031	19 0
2032	99 0
2033	253 0
2034	255 0
2035	255 0
2036	255 0
2037	255 0
2038	255 0
2039	255 0
2040	255 0
2041	255 0
2042	255 0
2043	255 0
2044	149 0
2045	15 0
2046	2 0
2047	0 0
2048	17 0
2049	30 0
2050	45 0
2051	13 0
2052	83 0
2053	224 0
2054	255 0
2055	255 0
2056	255 0
2057	255 0
2058	255 0
2059	255 0
2060	255 0
2061	255 0
2062	255 0
2063	255 0
2064	255 0
2065	255 0
2066	255 0
2067	255 0
2068	255 0
2069	255 0
2070	238 0
2071	50 0
2072	44 0
2073	55 0
2074	37 0
2075	30 0
2076	27 0
2077	24 0
2078	19 0
2079	8 0
2080	5 0
2081	8 0
2082	15 0
2083	16 0
2084	11 0
2085	8 0
2086	5 0
2087	10 0
2088	24 0
2089	25 0
2090	25 0
2091	29 0
2092	38 0
2093	42 0
2094	29 0
2095	40 0
2096	219 0
2097	255 0
2098	255 0
2099	255 0
2100	255 0
2101	255 0
2102	255 0
2103	255 0
2104	255 0
2105	255 0
2106	255 0
2107	255 0
2108	149 0
2109	15 0
2110	2 0
2111	0 0
2112	0 0
2113	0 0
2114	29 0
2115	43 0
2116	10 0
2117	52 0
2118	186 0
2119	255 0
2120	255 0
2121	255 0
2122	255 0
2123	255 0
2124	255 0
2125	255 0
2126	255 0
2127	255 0
2128	255 0
2129	255 0
2130	255 0
2131	255 0
2132	255 0
2133	255 0
2134	135 0
2135	15 0
2136	82 0
2137	228 0
2138	221 0
2139	203 0
2140	135 0
2141	141 0
2142	163 0
2143	152 0
2144	143 0
2145	136 0
2146	97 0
2147	95 0
2148	129 0
2149	134 0
2150	142 0
2151	153 0
2152	116 0
2153	132 0
2154	185 0
2155	198 0
2156	218 0
2157	99 0
2158	44 0
2159	19 0
2160	163 0
2161	255 0
2162	255 0
2163	255 0
2164	255 0
2165	255 0
2166	255 0
2167	255 0
2168	255 0
2169	255 0
2170	255 0
2171	255 0
2172	149 0
2173	15 0
2174	2 0
2175	0 0
2176	0 0
2177	0 0
2178	4 0
2179	62 0
2180	77 0
2181	15 0
2182	24 0
2183	132 0
2184	243 0
2185	255 0
2186	255 0
2187	255 0
2188	255 0
2189	255 0
2190	255 0
2191	255 0
2192	255 0
2193	255 0
2194	255 0
2195	255 0
2196	255 0
2197	210 0
2198	27 0
2199	25 0
2200	41 0
2201	148 0
2202	255 0
2203	255 0
2204	193 0
2205	211 0
2206	255 0
2207	255 0
2208	255 0
2209	255 0
2210	193 0
2211	195 0
2212	255 0
2213	255 0
2214	255 0
2215	255 0
2216	189 0
2217	203 0
2218	255 0
2219	255 0
2220	184 0
2221	63 0
2222	61 0
2223	14 0
2224	40 0
2225	226 0
2226	255 0
2227	255 0
2228	255 0
2229	255 0
2230	255 0
2231	255 0
2232	255 0
2233	255 0
2234	255 0
2235	255 0
2236	149 0
2237	15 0
2238	2 0
2239	0 0
2240	0 0
2241	0 0
2242	2 0
2243	53 0
2244	70 0
2245	64 0
2246	39 0
2247	12 0
2248	70 0
2249	192 0
2250	255 0
2251	255 0
2252	255 0
2253	255 0
2254	255 0
2255	255 0
2256	255 0
2257	255 0
2258	255 0
2259	255 0
2260	252 0
2261	86 0
2262	5 0
2263	31 0
2264	51 0
2265	43 0
2266	130 0
2267	237 0
2268	199 0
2269	205 0
2270	255 0
2271	255 0
2272	255 0
2273	255 0
2274	188 0
2275	191 0
2276	255 0
2277	255 0
2278	255 0
2279	255 0
2280	186 0
2281	214 0
2282	255 0
2283	184 0
2284	68 0
2285	67 0
2286	65 0
2287	21 0
2288	6 0
2289	111 0
2290	255 0
2291	255 0
2292	255 0
2293	255 0
2294	255 0
2295	255 0
2296	255 0
2297	255 0
2298	255 0
2299	255 0
2300	149 0
2301	15 0
2302	2 0
2303	0 0
2304	0 0
2305	0 0
2306	0 0
2307	0 0
2308	0 0
2309	72 0
2310	58 0
2311	41 0
2312	14 0
2313	23 0
2314	137 0
2315	255 0
2316	255 0
2317	255 0
2318	255 0
2319	255 0
2320	255 0
2321	255 0
2322	255 0
2323	255 0
2324	163 0
2325	12 0
2326	15 0
2327	31 0
2328	53 0
2329	49 0
2330	37 0
2331	72 0
2332	109 0
2333	174 0
2334	250 0
2335	255 0
2336	255 0
2337	255 0
2338	203 0
2339	206 0
2340	255 0
2341	255 0
2342	255 0
2343	254 0
2344	179 0
2345	158 0
2346	125 0
2347	64 0
2348	67 0
2349	75 0
2350	65 0
2351	21 0
2352	15 0
2353	22 0
2354	196 0
2355	255 0
2356	255 0
2357	255 0
2358	255 0
2359	255 0
2360	255 0
2361	255 0
2362	255 0
2363	255 0
2364	149 0
2365	15 0
2366	2 0
2367	0 0
2368	0 0
2369	0 0
2370	0 0
2371	0 0
2372	2 0
2373	0 0
2374	22 0
2375	47 0
2376	78 0
2377	18 0
2378	67 0
2379	253 0
2380	255 0
2381	255 0
2382	255 0
2383	255 0
2384	255 0
2385	255 0
2386	255 0
2387	230 0
2388	47 0
2389	12 0
2390	17 0
2391	30 0
2392	53 0
2393	53 0
2394	54 0
2395	49 0
2396	46 0
2397	60 0
2398	91 0
2399	125 0
2400	154 0
2401	176 0
2402	147 0
2403	149 0
2404	175 0
2405	156 0
2406	135 0
2407	109 0
2408	82 0
2409	62 0
2410	62 0
2411	71 0
2412	74 0
2413	77 0
2414	63 0
2415	18 0
2416	17 0
2417	5 0
2418	84 0
2419	247 0
2420	255 0
2421	255 0
2422	255 0
2423	255 0
2424	255 0
2425	255 0
2426	255 0
2427	255 0
2428	149 0
2429	15 0
2430	2 0
2431	0 0
2432	0 0
2433	0 0
2434	0 0
2435	0 0
2436	0 0
2437	0 0
2438	12 0
2439	26 0
2440	44 0
2441	45 0
2442	79 0
2443	252 0
2444	255 0
2445	255 0
2446	255 0
2447	255 0
2448	255 0
2449	255 0
2450	254 0
2451	125 0
2452	4 0
2453	15 0
2454	17 0
2455	27 0
2456	57 0
2457	59 0
2458	60 0
2459	61 0
2460	63 0
2461	62 0
2462	57 0
2463	53 0
2464	54 0
2465	56 0
2466	63 0
2467	62 0
2468	59 0
2469	60 0
2470	60 0
2471	63 0
2472	69 0
2473	73 0
2474	74 0
2475	74 0
2476	74 0
2477	79 0
2478	58 0
2479	16 0
2480	15 0
2481	14 0
2482	34 0
2483	223 0
2484	255 0
2485	255 0
2486	255 0
2487	255 0
2488	255 0
2489	255 0
2490	255 0
2491	255 0
2492	149 0
2493	15 0
2494	2 0
2495	0 0
2496	0 0
2497	0 0
2498	0 0
2499	0 0
2500	0 0
2501	0 0
2502	0 0
2503	0 0
2504	18 0
2505	93 0
2506	75 0
2507	252 0
2508	255 0
2509	255 0
2510	255 0
2511	255 0
2512	255 0
2513	255 0
2514	251 0
2515	68 0
2516	12 0
2517	13 0
2518	16 0
2519	23 0
2520	59 0
2521	64 0
2522	64 0
2523	65 0
2524	67 0
2525	68 0
2526	69 0
2527	71 0
2528	71 0
2529	64 0
2530	59 0
2531	67 0
2532	66 0
2533	62 0
2534	73 0
2535	75 0
2536	74 0
2537	75 0
2538	75 0
2539	75 0
2540	75 0
2541	80 0
2542	49 0
2543	15 0
2544	14 0
2545	14 0
2546	78 0
2547	249 0
2548	255 0
2549	255 0
2550	255 0
2551	255 0
2552	255 0
2553	255 0
2554	255 0
2555	255 0
2556	149 0
2557	15 0
2558	2 0
2559	0 0
2560	0 0
2561	0 0
2562	0 0
2563	0 0
2564	0 0
2565	0 0
2566	0 0
2567	0 0
2568	36 0
2569	134 0
2570	70 0
2571	252 0
2572	255 0
2573	255 0
2574	255 0
2575	255 0
2576	255 0
2577	255 0
2578	255 0
2579	161 0
2580	18 0
2581	20 0
2582	11 0
2583	17 0
2584	53 0
2585	68 0
2586	68 0
2587	69 0
2588	70 0
2589	71 0
2590	71 0
2591	66 0
2592	51 0
2593	47 0
2594	49 0
2595	69 0
2596	57 0
2597	44 0
2598	57 0
2599	77 0
2600	75 0
2601	73 0
2602	75 0
2603	75 0
2604	76 0
2605	75 0
2606	35 0
2607	11 0
2608	17 0
2609	18 0
2610	166 0
2611	255 0
2612	255 0
2613	255 0
2614	255 0
2615	255 0
2616	255 0
2617	255 0
2618	255 0
2619	255 0
2620	149 0
2621	15 0
2622	2 0
2623	0 0
2624	0 0
2625	0 0
2626	0 0
2627	0 0
2628	0 0
2629	0 0
2630	0 0
2631	0 0
2632	34 0
2633	127 0
2634	71 0
2635	252 0
2636	255 0
2637	255 0
2638	255 0
2639	255 0
2640	255 0
2641	255 0
2642	255 0
2643	255 0
2644	107 0
2645	14 0
2646	19 0
2647	6 0
2648	59 0
2649	80 0
2650	61 0
2651	72 0
2652	73 0
2653	73 0
2654	81 0
2655	78 0
2656	70 0
2657	62 0
2658	54 0
2659	73 0
2660	54 0
2661	58 0
2662	89 0
2663	104 0
2664	101 0
2665	86 0
2666	75 0
2667	73 0
2668	67 0
2669	86 0
2670	24 0
2671	11 0
2672	17 0
2673	65 0
2674	244 0
2675	255 0
2676	255 0
2677	255 0
2678	255 0
2679	255 0
2680	255 0
2681	255 0
2682	255 0
2683	255 0
2684	149 0
2685	15 0
2686	2 0
2687	0 0
2688	0 0
2689	0 0
2690	0 0
2691	0 0
2692	0 0
2693	0 0
2694	0 0
2695	0 0
2696	34 0
2697	127 0
2698	71 0
2699	252 0
2700	255 0
2701	255 0
2702	255 0
2703	255 0
2704	255 0
2705	255 0
2706	255 0
2707	255 0
2708	237 0
2709	67 0
2710	21 0
2711	9 0
2712	39 0
2713	174 0
2714	102 0
2715	61 0
2716	63 0
2717	78 0
2718	107 0
2719	111 0
2720	112 0
2721	109 0
2722	98 0
2723	73 0
2724	61 0
2725	105 0
2726	113 0
2727	109 0
2728	109 0
2729	105 0
2730	68 0
2731	69 0
2732	154 0
2733	133 0
2734	4 0
2735	19 0
2736	19 0
2737	169 0
2738	255 0
2739	255 0
2740	255 0
2741	255 0
2742	255 0
2743	255 0
2744	255 0
2745	255 0
2746	255 0
2747	255 0
2748	149 0
2749	15 0
2750	2 0
2751	0 0
2752	0 0
2753	0 0
2754	0 0
2755	0 0
2756	0 0
2757	0 0
2758	0 0
2759	0 0
2760	34 0
2761	127 0
2762	71 0
2763	252 0
2764	255 0
2765	255 0
2766	255 0
2767	255 0
2768	255 0
2769	255 0
2770	255 0
2771	255 0
2772	255 0
2773	210 0
2774	36 0
2775	24 0
2776	0 0
2777	124 0
2778	251 0
2779	178 0
2780	113 0
2781	83 0
2782	103 0
2783	99 0
2784	97 0
2785	99 0
2786	103 0
2787	102 0
2788	95 0
2789	101 0
2790	97 0
2791	97 0
2792	103 0
2793	109 0
2794	135 0
2795	211 0
2796	244 0
2797	45 0
2798	7 0
2799	20 0
2800	91 0
2801	251 0
2802	255 0
2803	255 0
2804	255 0
2805	255 0
2806	255 0
2807	255 0
2808	255 0
2809	255 0
2810	255 0
2811	255 0
2812	149 0
2813	15 0
2814	2 0
2815	0 0
2816	0 0
2817	0 0
2818	0 0
2819	0 0
2820	0 0
2821	0 0
2822	0 0
2823	0 0
2824	34 0
2825	127 0
2826	71 0
2827	252 0
2828	255 0
2829	255 0
2830	255 0
2831	255 0
2832	255 0
2833	255 0
2834	255 0
2835	255 0
2836	255 0
2837	206 0
2838	38 0
2839	32 0
2840	22 0
2841	9 0
2842	190 0
2843	255 0
2844	206 0
2845	193 0
2846	213 0
2847	190 0
2848	170 0
2849	158 0
2850	150 0
2851	121 0
2852	141 0
2853	152 0
2854	165 0
2855	185 0
2856	215 0
2857	181 0
2858	216 0
2859	255 0
2860	115 0
2861	0 0
2862	28 0
2863	13 0
2864	138 0
2865	255 0
2866	255 0
2867	255 0
2868	255 0
2869	255 0
2870	255 0
2871	255 0
2872	255 0
2873	255 0
2874	255 0
2875	255 0
2876	149 0
2877	15 0
2878	2 0
2879	0 0
2880	0 0
2881	0 0
2882	0 0
2883	0 0
2884	0 0
2885	0 0
2886	0 0
2887	0 0
2888	34 0
2889	127 0
2890	71 0
2891	252 0
2892	255 0
2893	255 0
2894	255 0
2895	255 0
2896	255 0
2897	255 0
2898	255 0
2899	255 0
2900	255 0
2901	124 0
2902	54 0
2903	79 0
2904	29 0
2905	14 0
2906	31 0
2907	205 0
2908	187 0
2909	242 0
2910	255 0
2911	255 0
2912	255 0
2913	255 0
2914	255 0
2915	154 0
2916	226 0
2917	255 0
2918	255 0
2919	255 0
2920	255 0
2921	207 0
2922	199 0
2923	176 0
2924	5 0
2925	21 0
2926	32 0
2927	44 0
2928	78 0
2929	252 0
2930	255 0
2931	255 0
2932	255 0
2933	255 0
2934	255 0
2935	255 0
2936	255 0
2937	255 0
2938	255 0
2939	255 0
2940	149 0
2941	15 0
2942	2 0
2943	0 0
2944	0 0
2945	0 0
2946	0 0
2947	0 0
2948	0 0
2949	0 0
2950	0 0
2951	0 0
2952	34 0
2953	127 0
2954	71 0
2955	252 0
2956	255 0
2957	255 0
2958	255 0
2959	255 0
2960	255 0
2961	255 0
2962	255 0
2963	255 0
2964	246 0
2965	66 0
2966	87 0
2967	114 0
2968	64 0
2969	28 0
2970	14 0
2971	23 0
2972	118 0
2973	255 0
2974	255 0
2975	255 0
2976	255 0
2977	255 0
2978	255 0
2979	159 0
2980	224 0
2981	255 0
2982	255 0
2983	255 0
2984	255 0
2985	240 0
2986	100 0
2987	18 0
2988	17 0
2989	28 0
2990	55 0
2991	112 0
2992	52 0
2993	210 0
2994	255 0
2995	255 0
2996	255 0
2997	255 0
2998	255 0
2999	255 0
3000	255 0
3001	255 0
3002	255 0
3003	255 0
3004	149 0
3005	15 0
3006	2 0
3007	0 0
3008	0 0
3009	0 0
3010	0 0
3011	0 0
3012	0 0
3013	0 0
3014	0 0
3015	0 0
3016	34 0
3017	127 0
3018	71 0
3019	252 0
3020	255 0
3021	255 0
3022	255 0
3023	255 0
3024	255 0
3025	255 0
3026	255 0
3027	255 0
3028	189 0
3029	51 0
3030	142 0
3031	111 0
3032	107 0
3033	58 0
3034	28 0
3035	17 0
3036	9 0
3037	93 0
3038	209 0
3039	255 0
3040	255 0
3041	255 0
3042	255 0
3043	168 0
3044	230 0
3045	255 0
3046	255 0
3047	255 0
3048	223 0
3049	107 0
3050	3 0
3051	18 0
3052	29 0
3053	46 0
3054	109 0
3055	154 0
3056	66 0
3057	147 0
3058	255 0
3059	255 0
3060	255 0
3061	255 0
3062	255 0
3063	255 0
3064	255 0
3065	255 0
3066	255 0
3067	255 0
3068	149 0
3069	15 0
3070	2 0
3071	0 0
3072	0 0
3073	0 0
3074	0 0
3075	0 0
3076	0 0
3077	0 0
3078	0 0
3079	0 0
3080	34 0
3081	127 0
3082	71 0
3083	252 0
3084	255 0
3085	255 0
3086	255 0
3087	255 0
3088	255 0
3089	255 0
3090	255 0
3091	255 0
3092	116 0
3093	82 0
3094	160 0
3095	138 0
3096	109 0
3097	107 0
3098	58 0
3099	28 0
3100	25 0
3101	1 0
3102	17 0
3103	91 0
3104	163 0
3105	210 0
3106	226 0
3107	155 0
3108	199 0
3109	217 0
3110	173 0
3111	107 0
3112	29 0
3113	1 0
3114	26 0
3115	29 0
3116	44 0
3117	106 0
3118	146 0
3119	159 0
3120	104 0
3121	90 0
3122	255 0
3123	255 0
3124	255 0
3125	255 0
3126	255 0
3127	255 0
3128	255 0
3129	255 0
3130	255 0
3131	255 0
3132	149 0
3133	15 0
3134	2 0
3135	0 0
3136	0 0
3137	0 0
3138	0 0
3139	0 0
3140	0 0
3141	0 0
3142	0 0
3143	0 0
3144	37 0
3145	136 0
3146	70 0
3147	252 0
3148	255 0
3149	255 0
3150	255 0
3151	255 0
3152	255 0
3153	255 0
3154	255 0
3155	244 0
3156	55 0
3157	89 0
3158	157 0
3159	158 0
3160	134 0
3161	107 0
3162	108 0
3163	65 0
3164	28 0
3165	29 0
3166	15 0
3167	0 0
3168	3 0
3169	18 0
3170	32 0
3171	31 0
3172	31 0
3173	21 0
3174	4 0
3175	0 0
3176	11 0
3177	30 0
3178	28 0
3179	51 0
3180	110 0
3181	147 0
3182	155 0
3183	159 0
3184	110 0
3185	44 0
3186	231 0
3187	255 0
3188	255 0
3189	255 0
3190	255 0
3191	255 0
3192	255 0
3193	255 0
3194	255 0
3195	255 0
3196	150 0
3197	14 0
3198	1 0
3199	0 0
3200	0 0
3201	0 0
3202	0 0
3203	0 0
3204	0 0
3205	0 0
3206	0 0
3207	0 0
3208	16 0
3209	73 0
3210	75 0
3211	252 0
3212	255 0
3213	255 0
3214	255 0
3215	255 0
3216	255 0
3217	255 0
3218	255 0
3219	185 0
3220	40 0
3221	65 0
3222	70 0
3223	128 0
3224	159 0
3225	139 0
3226	107 0
3227	109 0
3228	77 0
3229	32 0
3230	27 0
3231	25 0
3232	13 0
3233	8 0
3234	9 0
3235	14 0
3236	10 0
3237	8 0
3238	12 0
3239	23 0
3240	29 0
3241	28 0
3242	63 0
3243	118 0
3244	151 0
3245	159 0
3246	142 0
3247	85 0
3248	61 0
3249	37 0
3250	174 0
3251	255 0
3252	255 0
3253	255 0
3254	255 0
3255	255 0
3256	255 0
3257	255 0
3258	255 0
3259	255 0
3260	147 0
3261	18 0
3262	20 0
3263	4 0
3264	0 0
3265	0 0
3266	0 0
3267	0 0
3268	0 0
3269	0 0
3270	0 0
3271	0 0
3272	6 0
3273	12 0
3274	66 0
3275	245 0
3276	255 0
3277	255 0
3278	255 0
3279	255 0
3280	255 0
3281	255 0
3282	255 0
3283	112 0
3284	61 0
3285	121 0
3286	85 0
3287	55 0
3288	83 0
3289	137 0
3290	147 0
3291	116 0
3292	111 0
3293	110 0
3294	49 0
3295	25 0
3296	28 0
3297	18 0
3298	11 0
3299	12 0
3300	11 0
3301	16 0
3302	27 0
3303	27 0
3304	34 0
3305	79 0
3306	133 0
3307	159 0
3308	147 0
3309	99 0
3310	57 0
3311	72 0
3312	117 0
3313	65 0
3314	111 0
3315	255 0
3316	255 0
3317	255 0
3318	255 0
3319	255 0
3320	255 0
3321	255 0
3322	255 0
3323	255 0
3324	117 0
3325	42 0
3326	57 0
3327	11 0
3328	0 0
3329	0 0
3330	0 0
3331	0 0
3332	0 0
3333	0 0
3334	0 0
3335	0 0
3336	22 0
3337	75 0
3338	50 0
3339	202 0
3340	255 0
3341	255 0
3342	255 0
3343	255 0
3344	255 0
3345	255 0
3346	240 0
3347	58 0
3348	93 0
3349	115 0
3350	117 0
3351	111 0
3352	77 0
3353	57 0
3354	86 0
3355	127 0
3356	132 0
3357	151 0
3358	135 0
3359	74 0
3360	28 0
3361	27 0
3362	25 0
3363	15 0
3364	21 0
3365	29 0
3366	26 0
3367	55 0
3368	135 0
3369	156 0
3370	136 0
3371	95 0
3372	60 0
3373	67 0
3374	103 0
3375	117 0
3376	116 0
3377	90 0
3378	62 0
3379	244 0
3380	255 0
3381	255 0
3382	255 0
3383	255 0
3384	255 0
3385	255 0
3386	255 0
3387	251 0
3388	66 0
3389	87 0
3390	43 0
3391	3 0
3392	0 0
3393	0 0
3394	0 0
3395	0 0
3396	0 0
3397	0 0
3398	0 0
3399	0 0
3400	3 0
3401	64 0
3402	54 0
3403	116 0
3404	255 0
3405	255 0
3406	255 0
3407	255 0
3408	255 0
3409	255 0
3410	178 0
3411	43 0
3412	113 0
3413	111 0
3414	111 0
3415	112 0
3416	117 0
3417	108 0
3418	77 0
3419	58 0
3420	79 0
3421	129 0
3422	149 0
3423	153 0
3424	114 0
3425	52 0
3426	30 0
3427	31 0
3428	31 0
3429	38 0
3430	84 0
3431	134 0
3432	139 0
3433	89 0
3434	57 0
3435	72 0
3436	102 0
3437	117 0
3438	113 0
3439	111 0
3440	112 0
3441	111 0
3442	43 0
3443	194 0
3444	255 0
3445	255 0
3446	255 0
3447	255 0
3448	255 0
3449	255 0
3450	255 0
3451	187 0
3452	36 0
3453	50 0
3454	29 0
3455	0 0
3456	0 0
3457	0 0
3458	0 0
3459	0 0
3460	0 0
3461	0 0
3462	0 0
3463	0 0
3464	0 0
3465	15 0
3466	63 0
3467	33 0
3468	199 0
3469	255 0
3470	255 0
3471	255 0
3472	255 0
3473	255 0
3474	107 0
3475	62 0
3476	117 0
3477	111 0
3478	111 0
3479	111 0
3480	111 0
3481	112 0
3482	117 0
3483	111 0
3484	87 0
3485	66 0
3486	69 0
3487	80 0
3488	99 0
3489	100 0
3490	52 0
3491	24 0
3492	25 0
3493	55 0
3494	74 0
3495	66 0
3496	66 0
3497	85 0
3498	109 0
3499	118 0
3500	113 0
3501	111 0
3502	111 0
3503	111 0
3504	111 0
3505	118 0
3506	54 0
3507	133 0
3508	255 0
3509	255 0
3510	255 0
3511	255 0
3512	255 0
3513	255 0
3514	243 0
3515	69 0
3516	31 0
3517	31 0
3518	8 0
3519	0 0
3520	0 0
3521	0 0
3522	0 0
3523	0 0
3524	0 0
3525	0 0
3526	0 0
3527	0 0
3528	0 0
3529	23 0
3530	39 0
3531	36 0
3532	49 0
3533	206 0
3534	255 0
3535	255 0
3536	255 0
3537	237 0
3538	55 0
3539	97 0
3540	116 0
3541	113 0
3542	113 0
3543	113 0
3544	113 0
3545	113 0
3546	113 0
3547	113 0
3548	117 0
3549	117 0
3550	105 0
3551	89 0
3552	75 0
3553	70 0
3554	70 0
3555	61 0
3556	63 0
3557	83 0
3558	96 0
3559	109 0
3560	118 0
3561	117 0
3562	113 0
3563	113 0
3564	113 0
3565	113 0
3566	113 0
3567	113 0
3568	113 0
3569	117 0
3570	82 0
3571	76 0
3572	255 0
3573	255 0
3574	255 0
3575	255 0
3576	255 0
3577	237 0
3578	97 0
3579	19 0
3580	46 0
3581	40 0
3582	9 0
3583	0 0
3584	0 0
3585	0 0
3586	0 0
3587	0 0
3588	0 0
3589	0 0
3590	0 0
3591	0 0
3592	0 0
3593	6 0
3594	45 0
3595	61 0
3596	23 0
3597	37 0
3598	139 0
3599	214 0
3600	247 0
3601	167 0
3602	45 0
3603	113 0
3604	110 0
3605	110 0
3606	110 0
3607	110 0
3608	110 0
3609	110 0
3610	110 0
3611	110 0
3612	110 0
3613	110 0
3614	111 0
3615	114 0
3616	116 0
3617	115 0
3618	115 0
3619	114 0
3620	113 0
3621	116 0
3622	113 0
3623	111 0
3624	110 0
3625	110 0
3626	110 0
3627	110 0
3628	110 0
3629	110 0
3630	110 0
3631	110 0
3632	110 0
3633	111 0
3634	104 0
3635	48 0
3636	207 0
3637	249 0
3638	245 0
3639	226 0
3640	172 0
3641	67 0
3642	14 0
3643	51 0
3644	59 0
3645	24 0
3646	0 0
3647	0 0
3648	0 0
3649	0 0
3650	0 0
3651	0 0
3652	0 0
3653	0 0
3654	0 0
3655	0 0
3656	0 0
3657	0 0
3658	15 0
3659	38 0
3660	48 0
3661	28 0
3662	16 0
3663	38 0
3664	68 0
3665	49 0
3666	36 0
3667	47 0
3668	46 0
3669	46 0
3670	46 0
3671	46 0
3672	46 0
3673	46 0
3674	46 0
3675	46 0
3676	46 0
3677	46 0
3678	46 0
3679	46 0
3680	45 0
3681	45 0
3682	45 0
3683	46 0
3684	46 0
3685	45 0
3686	46 0
3687	46 0
3688	46 0
3689	46 0
3690	46 0
3691	46 0
3692	46 0
3693	46 0
3694	46 0
3695	46 0
3696	46 0
3697	46 0
3698	47 0
3699	34 0
3700	56 0
3701	72 0
3702	69 0
3703	49 0
3704	20 0
3705	19 0
3706	44 0
3707	44 0
3708	29 0
3709	3 0
3710	0 0
3711	0 0
3712	0 0
3713	0 0
3714	0 0
3715	0 0
3716	0 0
3717	0 0
3718	0 0
3719	0 0
3720	0 0
3721	0 0
3722	0 0
3723	0 0
3724	26 0
3725	60 0
3726	43 0
3727	20 0
3728	21 0
3729	27 0
3730	32 0
3731	29 0
3732	30 0
3733	30 0
3734	30 0
3735	30 0
3736	30 0
3737	30 0
3738	30 0
3739	30 0
3740	30 0
3741	30 0
3742	30 0
3743	30 0
3744	30 0
3745	30 0
3746	30 0
3747	30 0
3748	30 0
3749	30 0
3750	30 0
3751	30 0
3752	30 0
3753	30 0
3754	30 0
3755	30 0
3756	30 0
3757	30 0
3758	30 0
3759	30 0
3760	30 0
3761	30 0
3762	30 0
3763	32 0
3764	25 0
3765	22 0
3766	23 0
3767	20 0
3768	32 0
3769	53 0
3770	54 0
3771	5 0
3772	0 0
3773	0 0
3774	0 0
3775	0 0
3776	0 0
3777	0 0
3778	0 0
3779	0 0
3780	0 0
3781	0 0
3782	0 0
3783	0 0
3784	0 0
3785	0 0
3786	0 0
3787	0 0
3788	23 0
3789	42 0
3790	54 0
3791	102 0
3792	38 0
3793	27 0
3794	31 0
3795	31 0
3796	31 0
3797	31 0
3798	31 0
3799	31 0
3800	31 0
3801	31 0
3802	31 0
3803	31 0
3804	31 0
3805	31 0
3806	31 0
3807	31 0
3808	31 0
3809	31 0
3810	31 0
3811	31 0
3812	31 0
3813	31 0
3814	31 0
3815	31 0
3816	31 0
3817	31 0
3818	31 0
3819	31 0
3820	31 0
3821	31 0
3822	31 0
3823	31 0
3824	31 0
3825	31 0
3826	31 0
3827	31 0
3828	31 0
3829	30 0
3830	27 0
3831	75 0
3832	93 0
3833	35 0
3834	41 0
3835	5 0
3836	0 0
3837	0 0
3838	0 0
3839	0 0
3840	0 0
3841	0 0
3842	0 0
3843	0 0
3844	0 0
3845	0 0
3846	0 0
3847	0 0
3848	0 0
3849	0 0
3850	0 0
3851	0 0
3852	1 0
3853	16 0
3854	27 0
3855	62 0
3856	38 0
3857	2 0
3858	3 0
3859	3 0
3860	3 0
3861	3 0
3862	3 0
3863	3 0
3864	3 0
3865	3 0
3866	3 0
3867	3 0
3868	3 0
3869	3 0
3870	3 0
3871	3 0
3872	3 0
3873	3 0
3874	3 0
3875	3 0
3876	3 0
3877	3 0
3878	3 0
3879	3 0
3880	3 0
3881	3 0
3882	3 0
3883	3 0
3884	3 0
3885	3 0
3886	3 0
3887	3 0
3888	3 0
3889	3 0
3890	3 0
3891	3 0
3892	3 0
3893	3 0
3894	7 0
3895	68 0
3896	34 0
3897	24 0
3898	8 0
3899	0 0
3900	0 0
3901	0 0
3902	0 0
3903	0 0
3904	0 0
3905	0 0
3906	0 0
3907	0 0
3908	0 0
3909	0 0
3910	0 0
3911	0 0
3912	0 0
3913	0 0
3914	0 0
3915	0 0
3916	0 0
3917	0 0
3918	0 0
3919	15 0
3920	19 0
3921	0 0
3922	0 0
3923	0 0
3924	0 0
3925	0 0
3926	0 0
3927	0 0
3928	0 0
3929	0 0
3930	0 0
3931	0 0
3932	0 0
3933	0 0
3934	0 0
3935	0 0
3936	0 0
3937	0 0
3938	0 0
3939	0 0
3940	0 0
3941	0 0
3942	0 0
3943	0 0
3944	0 0
3945	0 0
3946	0 0
3947	0 0
3948	0 0
3949	0 0
3950	0 0
3951	0 0
3952	0 0
3953	0 0
3954	0 0
3955	0 0
3956	0 0
3957	0 0
3958	3 0
3959	26 0
3960	0 0
3961	0 0
3962	0 0
3963	0 0
3964	0 0
3965	0 0
3966	0 0
3967	0 0
3968	0 0
3969	0 0
3970	0 0
3971	0 0
3972	0 0
3973	0 0
3974	0 0
3975	0 0
3976	0 0
3977	0 0
3978	0 0
3979	0 0
3980	0 0
3981	0 0
3982	0 0
3983	0 0
3984	0 0
3985	0 0
3986	0 0
3987	0 0
3988	0 0
3989	0 0
3990	0 0
3991	0 0
3992	0 0
3993	0 0
3994	0 0
3995	0 0
3996	0 0
3997	0 0
3998	0 0
3999	0 0
4000	0 0
4001	0 0
4002	0 0
4003	0 0
4004	0 0
4005	0 0
4006	0 0
4007	0 0
4008	0 0
4009	0 0
4010	0 0
4011	0 0
4012	0 0
4013	0 0
4014	0 0
4015	0 0
4016	0 0
4017	0 0
4018	0 0
4019	0 0
4020	0 0
4021	0 0
4022	0 0
4023	0 0
4024	0 0
4025	0 0
4026	0 0
4027	0 0
4028	0 0
4029	0 0
4030	0 0
4031	0 0
4032	0 0
4033	0 0
4034	0 0
4035	0 0
4036	0 0
4037	0 0
4038	0 0
4039	0 0
4040	0 0
4041	0 0
4042	0 0
4043	0 0
4044	0 0
4045	0 0
4046	0 0
4047	0 0
4048	0 0
4049	0 0
4050	0 0
4051	0 0
4052	0 0
4053	0 0
4054	0 0
4055	0 0
4056	0 0
4057	0 0
4058	0 0
4059	0 0
4060	0 0
4061	0 0
4062	0 0
4063	0 0
4064	0 0
4065	0 0
4066	0 0
4067	0 0
4068	0 0
4069	0 0
4070	0 0
4071	0 0
4072	0 0
4073	0 0
4074	0 0
4075	0 0
4076	0 0
4077	0 0
4078	0 0
4079	0 0
4080	0 0
4081	0 0
4082	0 0
4083	0 0
4084	0 0
4085	0 0
4086	0 0
4087	0 0
4088	0 0
4089	0 0
4090	0 0
4091	0 0
4092	0 0
4093	0 0
4094	0 0
4095	0 0
