4096
0	6166.046875	0
1	-2212.805303	491.5067557
2	-312.5893998	677.6832354
3	-33.15160576	-704.4425911
4	-220.6992102	-364.7579928
5	-354.3403689	137.1264726
6	84.02275419	-226.4200996
7	392.3852588	18.75159351
8	-200.4314076	-108.687844
9	-14.49755367	189.3818326
10	-9.579038044	-8.369559403
11	47.30404084	-117.6999673
12	-203.945094	47.26186701
13	72.78363463	29.05452331
14	22.8541378	-86.44160694
15	-18.48321201	-95.63675349
16	6.374548148	68.57010649
17	103.5774779	51.39887624
18	18.41279199	15.05778149
19	-46.22900324	-12.70510611
20	-64.13062554	75.96859591
21	20.94525003	-5.358477921
22	-36.21851261	-40.89952321
23	-51.00707601	-70.49732025
24	37.54600349	36.70102302
25	43.18469051	-46.42886261
26	20.1994076	-10.89083485
27	-13.73440746	-20.63989882
28	2.572124164	44.01535047
29	23.60920338	-11.60342179
30	-17.91675412	-9.744119649
31	-20.29943167	-11.53058525
33	14.94407614	-20.35620715
34	6.88333872	-11.5080978
35	-17.2220112	-7.832166136
36	1.54648027	33.23232231
37	4.523041768	-21.99626731
38	-18.44950663	-2.462478996
39	-57.12629571	-18.86713252
40	-13.96427203	35.71381762
41	-11.09556205	-72.62658958
42	41.34777614	-23.25491171
43	-27.42497798	-20.36722653
44	40.86933289	70.87969168
45	51.19533578	-37.43115029
46	-45.95330032	7.015500343
47	-21.30063724	80.72025354
48	15.25159729	19.93049142
49	-17.68148475	-34.56288899
50	1.770804303	-63.91322383
51	-76.15117526	38.52881916
52	210.0963466	21.67185631
53	-117.827592	-101.1148288
54	18.19605954	35.05987446
55	56.93063085	38.79726872
56	59.53769155	-107.4879085
57	-247.4433752	128.5525126
58	-15.67453497	-305.2711466
59	276.0384943	196.9218227
60	38.56393394	-302.3985726
61	-78.99781675	101.1671217
62	202.5524673	-391.9455993
63	-387.2238533	-161.3172152
64	-555.4855434	154.8951751
65	-332.7030515	592.293339
66	343.0279539	129.183952
67	-126.6160014	40.10976584
68	211.0411693	24.92532983
69	103.6158537	-209.6886304
70	248.5374156	218.2999322
71	-222.7931209	-2.727182241
72	76.30973643	68.58410046
73	31.8888735	-28.94016157
74	5.932612079	-23.15047705
75	-73.26595145	96.10056628
76	78.60966123	-115.5346315
77	-21.95594048	7.226596788
78	40.72506652	-6.572277234
79	-3.366996323	33.71658232
80	32.63687905	10.21701832
81	-13.87981129	-30.380878
82	-25.96674402	11.53649064
83	17.06803713	45.34579358
84	14.61026359	-18.56626593
86	7.559511308	-33.7373628
87	25.34458181	68.61864964
88	-6.612642075	-34.02946086
89	-18.17344281	10.67151729
91	32.13009711	13.59691549
92	-4.607339595	-16.29082274
93	-13.43434268	15.76223903
94	2.730464587	9.77152258
95	17.36817266	4.206597159
97	-5.775554527	19.85801467
98	18.34802677	6.50348109
99	12.77664587	-2.696077882
101	9.886749839	28.34551523
102	11.17903963	-10.09963952
104	1.048241326	-28.83724189
105	35.5910979	37.72545802
106	-21.13361671	-25.91573671
107	14.11118794	-18.42023411
109	54.96025513	22.74452082
110	-12.86524806	-39.6413548
111	-13.76087936	22.44482708
113	-2.422533732	18.08521264
114	-40.94920158	-5.663056244
115	-27.77868715	5.371469209
116	-71.25565099	-34.73719424
117	112.8749003	-53.29701184
118	-48.08742497	94.88293656
119	50.82794111	56.30363709
120	-63.06775075	-2.493485877
121	173.7169472	-48.52202069
122	-177.0643079	206.5930571
123	86.34568251	14.38338434
124	-158.5685553	-350.7519174
125	-158.1123692	153.5464979
126	567.3636389	244.4018175
127	946.8193076	50.84777385
128	-1073.040807	564.7303632
129	395.3233445	-646.6694655
130	-119.1397191	-789.0261582
131	-272.578764	190.175505
132	238.5839542	145.6765586
133	10.9128161	-32.66563142
134	-217.0891404	68.55364095
135	66.51022859	-92.49572666
136	-17.92571843	112.0372315
137	-7.764876221	-96.5932059
138	-150.039657	27.5345635
139	117.3568004	-58.66113929
140	7.105461769	30.85617346
141	-37.15406162	22.89444399
142	5.559926219	19.93250534
143	-19.59946961	-5.397821246
144	8.073304755	-12.24914599
145	-50.90397491	-3.34074423
146	37.8164119	42.47799135
147	-6.203722409	-77.95075768
148	-48.46291237	1.175330776
149	13.8297204	22.91147972
150	5.170323981	20.21795003
151	-19.51026938	-35.45901931
152	8.872103898	7.594983349
153	7.710075482	22.74949406
155	-32.33007982	4.453860207
157	6.433111802	-15.00931816
158	-6.48936083	-10.45922644
159	-14.32635741	2.06851753
161	-3.473015332	-14.95005379
162	-16.93198378	9.145951616
164	-13.91203163	0.2446562431
165	-8.195959476	-14.27128583
166	-14.87945328	3.377976869
167	12.53352543	13.70118235
168	-13.41712037	5.450103891
169	-36.8692047	-0.4377627268
170	39.57377127	0.5533463529
171	-19.96454339	16.31121507
172	13.80334006	20.23655268
173	-32.75734794	-9.905336617
174	24.8088259	45.81627357
175	12.44451114	-21.81980524
176	-15.27319895	20.49572854
177	22.12932755	2.638019257
178	-15.19141778	-8.923431952
179	2.532455228	-28.95642459
180	66.2124089	31.43499377
181	-87.25586769	9.009991958
182	61.65051837	-129.9234652
183	-51.25635686	-17.4956562
184	112.6219747	69.64880589
185	-119.0770579	-21.36393114
186	-84.74467457	-50.76216772
187	83.87530561	84.45586924
188	-100.8596891	-41.68927389
189	88.14154799	-97.03439533
190	-248.4076378	-276.7969376
191	804.7226011	88.72146122
192	-1085.068407	1027.814748
193	42.26527507	-617.4426994
194	198.7956382	16.59681028
195	196.8697198	92.74849399
196	41.56132363	-70.45582259
197	-71.87677634	23.24959578
198	65.4028688	12.30383795
199	19.79679786	121.3160448
200	-105.1543409	-86.30210006
201	26.25727889	6.431914878
202	94.20532892	-48.41882432
203	41.62206666	24.15278545
204	-64.80465037	3.97677614
205	71.3861528	-6.735059366
207	12.93394054	23.88733457
208	-5.906727657	15.59723767
209	-18.61607592	-3.012635573
210	-23.82886527	-7.147449436
211	13.49078518	12.14384344
212	37.52429323	-11.87196123
213	-8.558897582	-31.57608877
214	-9.929379617	-9.856511683
215	55.76896572	20.63133558
216	-10.66913909	-14.26081342
217	-30.43157672	11.20896689
218	9.417403393	17.68419061
219	0.5476346724	-28.46423056
220	-4.09327522	10.48245503
221	-9.710953791	5.956988592
222	19.49611206	7.710830327
223	11.55981691	-11.74416714
224	10.76534025	9.101592346
226	12.41480027	-5.105500187
227	-13.75012019	-5.890239772
228	14.74653061	-3.104422587
229	-9.002354191	-5.012627243
230	11.8419386	-3.040054084
231	3.106447049	-16.97107435
232	18.27615062	-20.530964
233	17.3729154	20.08270458
235	-3.33781915	-30.1917559
236	-9.765245516	4.850816698
237	0.3058574341	-10.68378523
238	-25.41299767	-2.836336737
239	-0.4071125333	-24.85412747
240	-26.61764635	-16.47593531
241	22.40174851	28.27987397
242	9.025807661	-36.81153746
243	-7.66714866	69.35026547
244	-41.01000669	-82.35658204
245	49.60099062	78.37374802
246	-35.7356748	51.02582938
247	-11.76031484	-7.795447906
248	-65.17909556	-46.47280314
249	176.2956928	-16.76059985
250	-13.62847925	71.65733385
251	31.69069753	35.83514404
252	-150.6708745	-112.8263112
253	192.1432346	40.65835918
254	-167.3073532	-92.58122783
255	228.4257519	197.6589483
256	-86.40865486	-154.26244
257	-74.92367839	47.61533191
258	-30.77695525	-98.30968625
259	-6.519439703	44.11576674
260	137.11446	-114.9374496
261	14.53921546	140.1048854
262	-34.10510636	11.88716223
263	-112.1179722	-82.41474225
264	45.86767533	-27.95759187
265	-2.364689297	-68.32060069
266	-17.22076672	62.29617044
267	-41.68825098	5.823394802
268	64.41461633	-51.04954332
269	-33.41523494	61.76667133
270	16.34410643	6.832193863
271	-39.09826501	12.23175849
274	10.79281761	-11.20727841
275	-14.33495863	-26.26069899
276	-30.77782734	27.28605365
277	38.05297652	14.14821088
279	-33.85418255	18.06185169
281	27.22764281	-8.847381956
282	-9.49812627	-20.37117013
283	-4.094025184	19.24390251
285	8.122450997	-19.95428498
286	-25.11528698	1.198564367
287	-0.8271421916	14.5325721
288	-9.804861742	-4.115336111
290	-13.03717977	2.628609197
291	17.58911379	12.68636174
294	-13.41809814	1.636077202
295	10.2985536	9.695676411
296	-13.15037462	11.4171432
297	-5.857922755	-18.93580566
298	-0.491593335	17.61443612
299	21.43249454	30.53271232
300	-10.41923003	-14.4646622
301	-5.018151881	36.92577753
302	10.31380784	-14.191015
304	0.8898123646	-31.6139967
305	-19.28669251	-11.34578507
306	41.34738123	-4.34389886
307	37.73555663	-43.72067223
308	-5.450037126	113.7102603
309	10.39262678	-66.43294888
311	-6.031516802	-20.51873614
312	0.9521572394	123.848376
313	-40.91516028	-191.2178472
314	-98.93834233	3.92661115
315	180.4547861	-10.17422149
316	-27.43326415	119.3690931
317	-37.61144068	46.22210002
318	-8.27044698	83.66452471
319	-150.4671638	3.957711553
320	-82.95192638	-446.847773
321	327.9490178	162.9879923
322	-187.6003402	-35.43192364
323	102.1835041	145.4421836
324	-61.92538994	29.31830462
325	-149.6601943	29.61599952
326	51.32294913	29.61172867
327	59.66835003	-122.1530146
328	7.143365565	123.3803527
329	28.14228096	12.95954533
330	22.08913825	-9.005961369
331	40.10132238	-70.78253622
332	-35.0984104	131.2814765
333	26.02637915	-30.07106025
334	-66.48711943	-49.24875171
335	14.31276655	18.23856321
336	26.2562446	-43.49287286
337	-16.61851277	12.69083099
338	15.48495023	-4.514869514
339	-3.659370502	28.20898529
340	44.83975072	-12.29192863
341	-29.51460466	-16.73717165
342	-31.444078	32.54215747
343	34.89274386	-21.93205182
344	-9.999027908	-6.654988106
345	-15.39868028	22.28782261
348	11.00734591	-2.390410987
349	-2.444166422	20.95606044
350	21.68193292	-10.44181814
355	-17.9663866	-5.857464857
356	13.15350407	1.393214659
358	6.582927757	11.78386962
360	16.9447003	-10.3449361
361	5.011127977	18.65593035
362	-14.20882899	-8.697742434
363	-11.41274513	-11.68309391
364	5.27140394	-21.98960659
365	-16.27268496	-20.0757629
366	22.25789727	30.59449558
368	-27.30308577	31.13384094
369	14.29400845	-26.37824191
370	-37.1002764	20.0007749
371	24.90004159	-33.75017691
372	-11.28293917	-69.45343885
373	36.91352299	100.5428389
374	-29.04003724	8.360107567
375	-26.7597344	-10.63198621
376	-40.95326834	-36.47123896
377	94.3960899	108.524929
378	-3.564232908	34.16547545
379	-53.5045481	-117.6156766
380	155.9165894	157.4307957
381	33.32142484	-163.4105139
382	-264.5901635	146.6561895
383	115.4588796	43.79824556
384	-58.45725896	-159.6384215
385	35.19864027	-11.80688527
386	248.1777095	60.89546263
387	8.409602249	-119.5633852
388	-153.7309664	138.2504886
389	26.91745085	-137.5483343
390	34.55964713	-40.88966649
391	-55.15035119	74.56757407
392	-6.732325683	-74.63552902
393	3.174925341	-22.85243835
394	16.97431601	13.50491415
395	6.764438678	121.7810112
396	-40.63403916	-42.07069984
397	-51.52496689	-15.83026886
398	7.835694027	21.3728294
399	-2.484312764	-42.7613203
400	18.65183389	12.33736777
401	10.31448209	-20.42150382
402	0.9400753184	11.9178901
403	-3.995450346	-14.53258682
404	-4.978279008	9.548327535
405	10.99017855	-0.08702446379
406	12.08231952	-5.618788535
407	-16.41722795	19.58541086
408	-12.84608068	-9.717927251
409	-1.185167234	-25.17377127
410	3.751482918	-11.33038943
411	-8.402857501	5.553174778
413	-7.279587275	-9.605329885
414	-1.515220831	18.4185781
417	-10.67578696	1.103304834
418	5.48410268	-13.39014092
419	8.038338154	-6.517859852
422	0.230469132	-11.93491387
423	-9.669367368	21.73544397
424	-11.04670869	18.40137917
425	-20.05872363	-21.80742996
427	1.376512402	19.17869536
429	14.14539495	11.14445937
430	-23.11680829	-38.42630637
431	36.09232745	27.93823578
432	18.0061449	-17.36079662
433	-19.87139938	36.50633452
434	-12.54963452	13.44396782
436	-34.96402688	29.97913068
437	0.575340265	-94.97388251
438	57.69649857	5.214481077
439	57.5698858	-6.984941752
440	-4.394110104	53.02018648
441	-57.24935143	-96.14154949
442	29.10786478	-8.793533653
443	-71.83655346	14.35631254
444	-140.220347	-3.105679528
445	110.231066	-31.58022397
446	15.10095733	7.23540666
447	20.61018917	117.851
448	-160.7313327	-102.2954852
449	68.16912902	63.77222613
450	0.3083757474	14.55412384
451	-68.61692274	108.0133136
452	106.6867834	-55.8182815
453	46.07737389	18.08022908
454	-63.85200935	28.88078881
455	10.83231011	-51.68442279
456	55.76755433	-16.48495382
457	47.92422474	49.15952802
458	-28.82854575	31.66441227
459	-59.51553022	-21.60925288
460	10.33558645	-25.3979635
461	10.67394883	7.485257516
462	-8.906251714	-19.96530045
463	21.14208041	2.910898976
464	-12.27239415	-16.64853084
465	-1.515952506	30.49794547
467	15.39535458	-4.800111831
468	-13.63442781	16.78141128
469	9.535924454	5.930940149
470	-11.99763329	10.7201057
471	-4.509878107	-16.69508179
472	10.23999729	-7.076755008
473	18.01484501	21.96058446
474	10.59510894	0.9876366749
477	5.392061824	10.7577661
478	-4.819995325	-9.239037285
479	12.21037561	-16.48900792
480	-3.906976641	9.942752153
481	20.70247033	-6.254769474
482	-5.100904059	18.70695143
485	17.65599471	-6.477920614
488	24.99983568	-13.22534524
489	7.525475797	14.58826852
490	-15.09089145	-4.723873058
491	3.022166473	-25.36964855
492	-26.63264183	-7.850687426
493	29.45176484	-20.620269
494	-1.669713821	15.87243384
495	-3.354840172	-11.69120076
496	-2.889435239	25.82009675
497	20.94346775	-42.53896857
498	-9.078994213	31.38538018
499	-27.70028684	-21.05762615
500	51.32944677	17.41055019
501	-84.90470344	3.519880598
502	-11.90104188	45.14608964
503	-67.15483162	-109.6309413
504	111.3198617	69.45292663
505	-18.13295408	66.82199959
506	1.9078143	51.81978096
507	33.38720477	-0.7660304803
508	-17.90902602	-40.64608252
509	71.68772407	-95.10660404
510	53.18959727	-109.4552909
511	70.75042517	210.9064463
512	-155.9995664	-250.8677031
513	221.7012451	114.4592003
514	-164.3547972	-43.76234655
515	-110.4498625	26.86715701
516	18.92287264	-66.02908726
517	-42.89254388	62.69268911
518	19.6526768	-23.14417617
519	52.13421662	-9.619385206
520	26.27074661	105.5105493
521	-81.56939041	-14.98022844
522	-23.18520211	13.33670784
523	43.52334005	-66.51282107
524	-22.64786245	27.22677235
525	4.696106206	-26.43090008
526	17.58210434	-11.92538874
527	12.66174804	3.381747408
529	22.38544381	12.16027114
530	17.95143526	-11.8875792
531	-43.57546587	23.66148963
533	-17.86037267	-13.00857258
534	-1.589874802	-20.78351564
535	26.89667971	-11.84675926
536	-12.99735754	19.53874669
538	-19.66177963	-10.64109112
539	3.707984731	19.42565748
540	2.056402746	-10.76157298
541	-13.99664159	-5.265280159
543	-15.14928913	7.20315374
545	-13.6294605	5.617518097
546	4.535165881	-9.246770703
549	-11.77321466	13.44000527
551	-14.72541545	10.21927912
552	-20.34391029	5.583061359
553	9.599957785	-23.80963574
554	12.9010934	8.562102292
555	9.976089926	30.57335628
556	11.10137908	39.47440224
557	-20.76587812	-8.482541687
558	-24.46249296	-6.82750164
559	15.64802455	-8.326045316
560	27.84642942	3.335037928
561	-21.87325711	-4.539976891
562	33.73242026	-0.7940275417
563	19.91907962	11.20381995
564	1.402680808	33.15362259
565	1.548692508	-48.49447558
566	41.74705151	40.66449131
567	-10.75783322	0.4292645596
568	-65.26316942	-60.08228944
569	30.27266025	-34.92892848
570	19.32043832	0.2691782124
571	-153.3158405	-35.32189654
572	52.80488844	5.245266996
573	-45.36186932	49.03084054
574	46.68739564	34.4616008
575	-77.05702633	139.7504081
576	31.48923759	-86.5573986
577	71.15103801	25.33719747
578	110.1451632	49.72595093
579	-12.53721142	-26.77872701
580	32.96453699	49.04831409
581	-70.22433157	-161.3148789
582	45.23888735	19.61586388
583	9.349962806	48.51661548
584	-81.80292665	-42.83105412
585	8.998783905	13.0280791
586	18.76821266	-22.8320131
587	-48.64147252	36.97429806
588	-8.397042478	-33.97735899
589	18.04591564	-4.98504647
590	21.13372183	-7.452477541
591	-9.960763652	-3.257126136
592	31.91853143	21.04478112
593	-15.06924113	26.88093509
594	-12.97012919	22.69816917
595	-21.68003934	-14.277003
596	14.96205532	13.39138633
597	17.6558426	-26.14545048
599	-13.57040872	39.88816287
600	13.43145782	-19.98321544
602	15.00122736	4.145089358
604	4.049719464	10.56915222
607	9.969487101	-13.10252381
610	6.327477017	14.25473894
611	10.83430331	-4.976222334
612	-8.616201458	-9.113517256
614	-3.716106317	-10.03205508
615	18.33170819	-1.343917853
616	4.661220702	-19.02675432
617	-6.25218202	25.66932436
618	-7.154308699	-30.21726608
619	8.478621552	-29.43133399
620	-10.19182559	-2.042018172
621	33.80682157	22.53408297
622	-21.8202007	11.48087986
623	-48.08761062	-1.691842801
624	-16.48561082	-14.49982821
625	5.013983272	-27.19151886
627	-23.52662036	1.042561948
628	72.4855739	-22.18117769
629	-55.62660953	72.58777856
631	-5.616424258	27.08469563
632	8.221747199	19.42591628
633	-35.19621017	-26.88243614
634	28.80979473	36.31152651
635	117.4054718	-47.27096843
636	-17.93619627	8.005966287
637	80.70793284	37.64951532
638	-38.657448	-27.63592808
639	-159.0731894	-132.0395899
640	160.2838639	-15.66698552
641	-172.0560391	61.916671
642	-22.54712048	-46.11234031
643	12.854877	55.01840505
644	13.51491872	6.723244385
645	-8.013185822	92.87624556
646	56.31609455	-7.62223751
647	-47.18166039	-1.541423179
648	23.91060029	-15.59602918
649	41.1505402	-14.68214578
650	-32.95807554	24.528253
651	3.484301461	-51.25927577
652	15.60620083	-4.830958402
653	28.00016141	-9.570855795
654	-6.474007454	8.933262544
655	33.71997761	33.5136481
656	-23.07280212	11.28985361
657	-8.500353949	-10.99840926
658	-22.45111394	-36.16733662
659	23.12578363	-10.85014649
662	-19.75140108	24.56746583
663	15.61024764	-36.21190096
664	-14.48829422	-2.506770575
665	11.17056252	18.2308231
666	-21.42198541	5.015132119
668	-9.752945362	-23.99293967
669	-14.18890705	1.506863575
672	0.7691224642	14.61860505
673	-15.52355741	-4.550793484
680	-10.80848824	7.113649322
681	8.573313367	-11.81314583
682	9.955699436	32.82366361
684	8.531968356	11.59864027
685	-29.94929016	-27.19196035
686	63.37266967	26.10951933
687	-9.282057892	-20.53671182
688	10.1968656	46.7589786
689	-26.19172031	-12.60098513
690	39.69150992	-22.03387426
691	-60.44348638	15.3797298
692	32.53559047	-42.62325096
693	8.402777743	-11.78837862
694	25.77962331	-20.43925875
695	-53.74938161	23.41529866
696	39.78895269	-38.31757557
697	-39.17575765	47.22698953
698	-21.25459285	-64.89641675
699	57.05533763	-9.636250153
700	-76.43884051	87.79669117
701	3.116206646	25.36644231
702	-53.44394697	26.00129285
703	41.39084153	4.840153585
704	89.45788584	-19.44660154
705	44.02829834	76.75737067
706	-66.18340652	-33.88791221
707	13.44679122	-55.73263921
708	-50.32772324	-97.19130215
709	101.0218923	12.89679182
710	-81.27598269	68.87264355
711	-15.38067681	-61.29203226
712	-0.05802554527	61.58002052
713	-41.95087864	-14.32512816
714	12.02344131	-18.90290663
715	20.97778597	-20.26720532
716	37.02955314	42.48460425
717	-7.414500007	-15.98330283
718	0.6830291221	18.23903914
719	2.292067687	37.23036791
720	-34.99257482	-31.82316457
721	-30.3001854	18.49942995
722	28.40248432	6.101672873
723	-13.46295937	20.49435588
724	14.33765767	-7.510641628
725	-11.40578138	-4.194044078
726	20.53801941	-4.83555055
727	25.39532327	9.254416785
728	2.680557836	18.81261703
729	-10.25871856	4.17630001
732	11.7086796	8.882731093
733	11.88291523	-10.23666585
734	13.07401725	-3.892720635
739	1.451515937	-15.09636967
740	-9.802800933	-9.192420591
741	16.02015882	0.3224033458
743	17.60589414	1.478450524
744	1.539493417	11.42553141
745	-16.15902985	8.477354537
747	-13.36456718	-18.47020364
748	14.58165748	-7.970646483
750	-9.501692251	-11.35188061
752	21.52357805	-25.86561248
753	-11.13145178	80.00827133
754	-1.118431628	-34.7289402
755	-3.57224504	18.05004853
756	-17.66900656	16.6388598
757	-37.58460337	4.601886911
758	50.17071694	-46.47748647
759	10.03433193	12.79702324
760	17.4136683	8.71072813
761	19.31809068	-45.02421713
762	7.154927065	69.50697435
763	-14.62662538	8.38361609
764	9.945279017	-38.61063997
765	-13.47256057	-33.59628354
766	42.3906793	-23.55758721
767	-69.90049936	-15.839946
768	32.83181399	-37.26553761
769	-43.05837666	73.75197868
770	33.79568803	37.85592158
771	-85.44541188	-11.46550326
772	44.23939214	31.46768127
773	9.185249993	-44.30341311
774	24.59688458	-26.32844418
775	28.50232884	48.24302835
776	-3.504836314	-31.00056418
777	-26.30451574	-19.65329785
778	20.71702015	-27.9505614
779	2.392554795	47.38162962
780	-15.5389856	-44.35466765
781	3.152375508	28.06447119
782	2.084949536	30.40156148
783	-0.405569714	-31.18347577
784	6.138042043	16.04989234
785	13.51752768	-1.6589134
786	-18.43925835	-8.713990628
787	-14.02649178	-42.08676868
788	-0.02941448598	-17.87969606
789	13.17287017	10.23504039
790	5.966788365	8.050407348
791	-25.5045206	1.310333334
792	-31.30585601	-2.51755524
793	15.76661251	-0.7910083756
797	2.537302554	11.61160128
798	-11.22652264	-2.300893509
801	-4.422864636	-10.80812401
803	-0.04249809522	21.99342979
805	-12.6000256	-5.236672098
810	-5.230216044	21.48470967
812	-31.73560554	-9.250827556
813	-18.70162108	2.629299903
814	39.18075063	-19.04176361
815	-22.27068928	21.29129477
816	2.621563212	-13.21702044
817	27.01076205	-6.440227983
818	4.548106605	15.22674292
819	-17.03698242	43.67146425
820	-0.1292028042	-30.50484368
822	-45.31098979	-17.69230909
823	19.50700983	4.215293448
824	29.44419188	19.9927776
825	-29.17125363	8.593585243
826	26.3279815	37.06461176
827	-51.84285868	-19.88906683
828	-9.256689163	-37.34600533
829	21.04885907	24.84732633
830	25.97289798	2.077293414
831	-30.81627427	46.53766057
832	73.68133684	-22.42953755
833	-56.75110372	-0.7151622821
834	15.82107568	-40.46070174
835	28.05884888	-9.455622364
836	20.2999457	31.14499616
837	-73.48938207	11.1300497
838	32.47987453	-29.74239142
839	-19.44752637	36.29595512
841	10.74248499	-1.449957849
842	24.66419915	25.51982024
843	8.420549355	-10.43404756
844	4.746167439	17.83826676
845	11.26729859	4.058041785
846	-34.07984688	-12.02922997
848	-24.32978079	-7.258335323
849	-12.23553878	14.24414563
850	6.995339537	-25.55081992
851	22.41018383	11.96335901
852	20.51732352	31.78156242
854	-13.54361611	3.381986785
855	3.179889123	-11.60279325
856	12.81618794	0.8439727665
857	12.30163451	-14.39250402
861	-9.615792058	-3.903911646
862	8.375552269	-9.306939459
864	13.08297947	3.452343541
866	-8.663979115	-5.103658223
867	4.284710818	-22.98707391
868	7.917142637	13.71926942
869	14.41286292	-2.736659008
870	-14.30573519	11.14338936
872	11.73357055	-4.581746729
874	16.75979811	-2.798186729
875	0.4846907701	14.32129184
876	45.48138709	-24.80522678
877	-33.17280319	17.78371398
878	-2.26035175	-12.72219143
879	16.60592477	-0.1809952088
880	-21.00515778	-40.23233585
881	-21.55955037	29.99252416
882	35.92878098	-74.51472459
883	11.98125884	29.16416493
884	-25.89363635	-6.723019516
885	27.22444888	23.9807805
886	-21.09132399	-1.761462144
887	-0.8166958687	-19.28184835
888	-10.51558823	5.290107016
889	24.02845306	-7.611992843
890	-81.486491	11.48631142
891	8.779909063	-6.925522982
892	62.27228006	-26.2977562
893	-30.43586411	12.31206555
894	21.9885572	51.96639151
895	-23.05799635	-88.77007499
896	5.519736911	63.00864018
897	-35.48059755	-7.4245184
898	-12.31168114	-40.03214732
899	17.57413173	-20.603228
900	41.26394541	5.702400254
901	26.93319113	15.7910581
902	-42.60681082	85.39810926
903	-16.76012522	-69.27656338
904	0.7348103403	-10.14072088
905	18.37071085	-18.46396058
906	-13.76713999	11.11445763
907	-2.502219714	-22.76651125
908	10.99157802	45.36955966
909	-35.71060611	3.339797104
911	-24.86888989	5.238672527
913	17.45731009	-33.57215048
914	14.64260181	-16.19414761
915	-8.101397793	27.58518676
916	-3.001611843	-16.50149794
919	-10.71454838	8.041566169
920	-6.948196355	8.337836951
926	2.407738515	11.14389815
927	-17.08390384	7.058845212
928	-13.83484722	-4.393038871
930	17.44769887	12.9433807
932	-10.40798676	2.121037124
935	-12.65988842	11.44284732
937	-19.98047086	-5.278317254
938	7.112422432	-17.90664309
939	1.035500014	29.89300736
940	-11.1384289	6.601873427
941	20.83688595	16.26419613
942	-22.15211582	10.91417685
943	-1.254141345	34.10724485
944	8.515662041	-19.20768573
945	7.499361719	19.19990274
946	-37.51945271	10.10076064
947	46.07664847	-14.99222244
948	20.8590754	-15.67485287
949	-6.332571684	41.73733611
950	32.53160405	-20.5570056
951	-33.79089731	17.99393434
952	24.88467277	0.8187158287
953	-28.52432369	-10.16851022
954	36.81353074	-37.00563366
955	31.68740612	-19.85564039
956	1.437775407	31.8174869
957	-44.15166273	2.58401022
958	-24.10493138	19.39341174
959	9.878742125	-83.69796503
960	32.13709799	108.3635339
961	-25.35410917	-24.30877932
963	21.76184764	9.0255509
965	1.615321332	-20.09814637
966	12.67700805	7.623646018
967	-20.24834447	9.091571712
968	-14.49004629	-8.466099358
969	4.241166312	26.17766347
970	16.35684904	-28.5324923
971	12.06687919	23.78872612
972	-16.29767142	-0.8004241947
973	32.05780965	-7.293542504
974	-13.33866152	-0.02951935165
976	7.752110525	-27.21524788
978	-6.224697234	15.9045373
979	4.260549825	-12.28664941
980	17.63541228	2.151593697
982	-14.86363113	10.16734823
983	13.85268596	-4.143341059
987	5.348401989	-8.50921458
989	2.925607436	15.12602946
991	6.140124546	-19.81032833
994	-6.334228847	-12.15818474
1000	10.43717665	0.1190052125
1001	10.92937142	8.387200765
1002	-16.90306325	-16.8034189
1003	5.528427402	-20.79033645
1004	7.348043952	-15.81544097
1006	-13.04472269	-11.1722661
1007	29.7810281	7.080087975
1008	-48.07914589	-2.231402466
1009	12.84429488	-2.523493972
1010	-15.43069766	-5.507643179
1011	-17.674015	8.793928628
1012	-6.613791589	-20.52039799
1013	-26.47783749	1.72687304
1014	22.33874601	16.19624025
1015	-29.17427538	9.029977859
1016	-19.99567324	-5.579675349
1017	13.77807114	-6.196792664
1018	10.45811499	-32.03265153
1019	20.19394784	81.54176355
1021	19.18044878	10.63560737
1022	-26.69695402	-32.79190225
1023	39.80520699	-36.58049286
1024	30.375	20.671875
1025	-56.26293442	-39.0297067
1026	21.1941632	3.440267551
1027	11.19677226	9.643109705
1028	-56.0277127	20.91668983
1029	-28.15151469	62.09335263
1030	16.42417098	-70.67410595
1031	-10.30264419	4.961694568
1032	33.35796898	7.953215408
1033	13.18074872	-10.71955838
1034	-16.2661698	3.57888006
1035	-7.426866595	14.14480162
1036	-14.33622776	-11.20848258
1037	2.427848257	-10.21395043
1038	-33.20961466	4.681499866
1039	17.53013216	-2.452595026
1040	10.45919788	-4.330563484
1041	-2.768937811	17.6522906
1043	23.75080764	9.440743418
1044	-23.1134845	17.99164784
1045	-14.46577847	-4.58618312
1046	11.66561974	-0.8805448137
1047	5.099923005	-15.55599559
1050	6.822084429	-8.020168035
1051	-1.396475194	10.97625883
1053	-18.3734799	2.757646719
1058	5.484037713	9.79030476
1059	-16.62293275	-12.15554855
1061	14.51334134	-3.281909093
1063	-4.801675815	8.804172517
1064	-16.20385835	1.368538085
1065	12.50347775	6.32802096
1067	1.091660619	37.53655275
1068	-5.986402626	-11.00126134
1069	21.02633069	1.583625627
1070	-18.53339579	-16.03060344
1071	36.10687684	14.09067313
1072	11.00169375	-11.02696828
1073	13.32976811	21.14530158
1074	-21.19520617	1.46253706
1075	17.79883932	0.686122509
1076	-19.72882241	4.041784636
1077	20.92823444	-7.486143388
1078	14.6317286	-19.15830954
1079	-13.3595815	-28.95775536
1080	17.29380558	25.3315997
1081	7.661849141	-32.0347157
1082	-7.541096834	31.08181077
1083	-11.822898	-13.01759298
1084	-36.00208379	-34.68967479
1086	0.3957061227	32.31726515
1087	-15.89407644	-12.74447127
1088	4.965842671	59.60228914
1089	20.06053556	6.912903895
1090	6.336926674	-20.08030308
1091	19.51479567	6.602847605
1092	59.9045298	-7.173669733
1093	-28.39381074	12.09936163
1094	-48.69832075	-4.125298414
1095	2.923664112	-48.74767695
1096	15.21353424	1.880219197
1097	6.802756572	-17.88254717
1098	14.22157771	47.24959561
1099	-19.37902347	-10.34729334
1100	8.326767871	20.02734487
1101	-34.41802818	-11.4911695
1102	37.53883787	-22.42102558
1103	15.48755095	-5.919597256
1104	-8.945869727	-5.486392717
1105	10.69241516	5.966896411
1106	15.71675749	-8.435851484
1107	-18.31337242	16.28690727
1108	-10.08007529	-10.73834851
1111	-17.4396804	-8.886578819
1113	7.695762751	-7.907678104
1117	14.53228215	-2.983463107
1119	-8.92877901	6.29160387
1123	12.410063	9.113474259
1124	-8.837219176	-9.470570241
1125	-14.74553172	9.886741649
1126	3.084800898	-17.87695627
1127	16.98460955	-6.378137734
1129	6.664790646	14.79611532
1130	-12.15612586	-23.59619638
1132	-14.78654636	20.9649162
1133	9.947469265	-6.321833103
1134	-24.15795365	4.277958997
1137	12.12642172	-3.241635561
1138	-0.6891688749	12.04966784
1139	6.668604145	19.5881765
1140	-22.81420603	-44.20100183
1141	-8.297507005	7.09150585
1143	29.79353168	10.40787297
1145	6.375526197	59.74019811
1146	-10.93089981	-18.14688769
1147	-50.20343609	-9.128661528
1148	62.23285728	8.813015795
1149	-0.09467603349	-61.83700053
1150	44.43265357	41.01670217
1151	-17.38588906	4.382008049
1152	-33.03332204	-35.34654075
1153	-25.90321726	-50.03320936
1154	6.398195438	65.59683925
1155	-28.62177066	-42.44020788
1156	-38.53893399	15.41991846
1157	48.62052797	-3.333839134
1158	-0.835972286	18.35036143
1159	-19.00949997	31.72794179
1160	17.32481381	-18.14627669
1162	24.46550134	26.99828564
1163	-5.282669546	-8.939446452
1164	-17.55061628	-15.39176595
1165	14.82764494	-3.790241824
1166	-14.6866744	0.0572847197
1167	15.4650632	8.497893619
1168	-11.92012637	-2.247885588
1169	7.436642406	10.55076027
1170	-5.639924432	13.1460942
1171	-7.108890173	-13.54446843
1172	14.94354818	20.0429255
1175	5.442088862	-8.761206261
1177	10.56926623	7.556454016
1178	-8.458010712	-7.578057309
1179	-6.745258694	14.3821015
1180	9.104550689	-16.98354022
1190	-14.09432526	17.69787668
1191	3.934518159	-12.15539485
1192	-10.86587117	-6.545393619
1193	22.73161636	-3.211859659
1194	0.3304623722	17.01240962
1195	9.583037622	-8.017807007
1198	-1.362158854	10.12604555
1199	-9.558349951	-15.08617117
1200	-18.76521955	1.475091188
1201	18.13086086	-12.27318398
1202	-18.97318321	-16.03470659
1203	-2.883122763	28.45746514
1205	4.939770968	22.68909582
1206	6.610576231	-42.40126187
1207	12.46684023	25.73704101
1208	-2.484031487	-12.0311559
1209	-3.66575691	16.07537136
1210	-29.05986035	15.78659452
1211	13.68885614	-48.44957323
1212	8.324411268	31.17075572
1213	-10.93971968	8.985838842
1214	-31.70549295	-2.963171601
1215	62.06960606	29.25197421
1216	-56.60818332	14.75011871
1217	31.49447792	-8.133281648
1218	29.15447319	-22.67182904
1219	0.361458186	12.80309845
1220	5.685255846	25.15802839
1221	-38.91615787	-60.0620396
1222	38.86266469	-25.3066036
1223	45.30505972	6.60198946
1224	-24.01257958	-8.241624611
1225	-10.24684249	23.25272359
1226	-30.69876353	-13.40026382
1227	9.682976833	9.151311206
1228	-24.76848194	-14.77328198
1229	20.15993774	11.41682144
1232	1.339438023	26.26264243
1234	-16.74362038	-4.87361414
1237	-7.299530113	-17.46309975
1238	9.36497648	-6.545289981
1240	9.35076605	16.85828852
1241	-9.409221145	-7.541183473
1242	-11.35640679	0.2589749619
1252	-17.46809759	-2.272870806
1256	-15.22509846	5.658421133
1260	-12.25275101	15.95859082
1261	22.58339311	-5.251829014
1262	-18.34208426	6.753821131
1263	14.00975689	9.436561187
1264	-17.57531918	-3.671103663
1265	9.93304855	-7.190588503
1267	15.36152696	-11.7965704
1268	24.55761634	-0.01481598935
1269	-40.55146239	-6.145678599
1270	-4.274490768	27.53123027
1271	6.885791496	-23.76386429
1272	-27.68876617	29.85607567
1273	-12.32636514	-30.64156093
1274	48.70370424	-34.1975757
1275	1.003687643	36.28016319
1276	-2.665272494	18.86587769
1277	-29.17752574	-4.89527147
1278	7.452270782	-41.87026583
1279	30.84550525	15.69135966
1280	-66.50646227	16.97938468
1281	22.66581676	-59.2168077
1283	25.66635806	50.10032331
1284	-43.19834727	-25.01449888
1285	-7.288101175	27.45375219
1286	-31.89052779	2.407412783
1287	9.146389886	-20.79867069
1288	51.95221213	18.68640664
1289	-8.784987412	35.95900622
1290	11.15689564	4.579917435
1291	-14.45304853	-38.76805272
1292	12.90027856	31.95905629
1293	2.996601953	-25.83689839
1294	7.809924538	-12.85575489
1295	-2.524761023	13.07165149
1297	-9.477592659	-9.862266514
1298	-9.094554775	-5.295461652
1299	-5.384668136	16.84680909
1300	-7.724068617	-24.62742267
1302	8.095716866	12.42275079
1306	9.669444858	8.15171916
1308	-14.05715937	-6.560828245
1316	14.51132547	-2.865293575
1318	-12.07305927	19.65392225
1319	6.185661737	-16.07774218
1322	-8.817887147	13.45395116
1323	-3.555525018	-13.75394553
1327	11.0976138	-8.196508885
1328	-10.41973316	22.98695618
1330	-11.48890695	-20.55392107
1331	10.99559693	21.32889141
1332	-9.330008222	8.944014945
1333	32.59038786	3.256177699
1334	-10.15439053	25.72160557
1335	-21.27365135	9.142687304
1336	1.034307473	-59.15504281
1337	-5.266269233	10.30432761
1338	32.04276736	0.3323897081
1339	-21.3347179	22.7539805
1341	-3.258174038	-14.69713276
1342	-27.69318629	6.219984974
1343	45.02150923	-13.04460032
1344	-11.71835962	11.24496385
1346	41.09761119	-12.11078617
1347	-33.02708164	21.6509495
1348	48.34827781	0.08593415339
1351	-17.90207681	-18.76347778
1352	-13.16001308	5.619138763
1353	-0.9066839419	-10.16274482
1354	-1.517940382	-12.48623328
1355	-14.56755269	27.48672324
1356	3.88671421	-22.89334301
1357	10.6567779	1.988098065
1358	-20.89131231	22.79993764
1360	3.530226398	-11.23764835
1361	-2.258840965	10.23609216
1363	-0.4672737198	-11.63623382
1364	23.61323564	-5.153041904
1367	-5.529310937	-14.24131114
1370	-16.44740315	-11.63229676
1377	-1.185007364	-10.09768313
1380	-0.2304525126	13.58160982
1381	-0.1274461137	-16.58454965
1386	10.71521601	8.71727463
1388	-17.83045368	-8.275103553
1389	-1.207328871	-16.78939833
1390	10.10242467	3.546104708
1392	-4.70182419	-9.839821217
1393	15.03535181	22.88009818
1394	-32.21355096	1.604262707
1395	19.76157617	-0.9576444109
1396	-2.23977943	-13.33468965
1400	2.596441873	14.41633922
1401	17.49884951	5.800199027
1403	-18.13421764	-5.712530121
1404	0.2066828545	-32.05739407
1405	16.26937638	31.80899987
1406	-13.26152078	-40.35289257
1407	-11.03556432	8.727861608
1408	33.90453683	-2.561154593
1410	-30.3132878	9.977438785
1411	17.14590442	-11.91499249
1412	-33.55643133	15.55428413
1413	-14.03603286	-10.43712516
1414	36.73925785	-5.091231031
1415	17.05257371	36.35451101
1416	-18.13752343	25.46636925
1417	-13.23758154	-28.43680484
1418	-17.53192232	11.78770886
1419	14.18873791	-12.01358098
1421	29.27478552	1.722219686
1424	3.916629691	10.96524395
1425	-9.317325829	-20.44968866
1427	2.460706902	-12.32538431
1428	-10.13120218	14.37338693
1429	-9.298500883	4.461188548
1431	0.8451413924	12.61014833
1432	-5.374883553	11.5869761
1434	14.32430798	-3.20168208
1444	6.872784736	7.834501164
1452	7.92566761	19.71099801
1453	-9.693060865	-16.14528628
1454	-7.782139878	10.14638053
1455	21.92891776	-16.91997877
1456	-9.382622761	11.2422588
1457	21.17368925	4.278557593
1459	-42.0909267	-0.6084798577
1460	8.631406509	-13.99722708
1462	-2.735673779	-21.01973279
1463	29.02842447	3.556136906
1464	9.032364841	5.428059393
1465	-38.29248328	27.72921148
1467	0.2738307929	-34.49646959
1468	6.377918467	25.08011265
1469	39.27953496	-8.86002911
1470	-12.06211038	37.26301585
1471	-17.90632361	-8.911729979
1472	21.15784801	-22.29812028
1473	29.47853514	25.97767179
1474	-19.61449235	18.79682583
1475	12.17059962	-22.97137081
1476	-9.568928962	-12.28636267
1478	-4.794270012	-27.73216559
1480	30.23453188	1.892931301
1481	12.06288683	25.86681173
1482	-32.09234159	-0.9892577915
1483	-2.922519677	-43.13372987
1484	19.39533837	1.400879379
1485	-25.49240265	-20.31764482
1486	8.156805646	13.11766533
1487	10.38580723	-0.8884038733
1488	-32.26114385	-6.64030068
1489	-0.2560374769	21.17192207
1490	19.50428652	-12.09929024
1491	1.773668884	20.89026188
1493	13.14587467	-6.508148492
1495	-4.404316186	-10.66766947
1497	1.641170009	-12.68679482
1498	-16.23560815	-4.286178266
1511	-10.19147921	1.490033912
1513	-1.686420298	-12.34788685
1514	2.605507171	14.00248782
1517	4.049923949	11.44687376
1519	6.982538452	-18.59048598
1520	-0.3902314805	16.05095613
1521	-15.7600408	-1.362807523
1522	10.41565096	7.19509368
1524	-2.943194258	10.88341598
1525	7.538446565	-17.71793585
1526	11.995294	-17.94411362
1527	-4.938852286	31.00626326
1528	4.335624635	-14.1806154
1529	-10.25440864	-1.501806978
1530	0.800437148	-32.35814961
1531	22.19782541	-4.209035906
1534	18.33298876	8.79851252
1535	-41.29760295	30.93308893
1536	-12.12543356	-57.05520306
1537	16.47614051	35.73808221
1538	-10.04613776	10.29282007
1539	-28.83111868	1.372954679
1540	2.361991723	11.74692022
1541	29.82619026	-12.53722428
1542	-17.7440891	16.13222906
1544	-5.596402147	-21.29621073
1545	-15.40512802	6.439576355
1546	17.4671044	17.39386893
1547	9.152154365	9.959963091
1549	12.58274349	21.93574826
1550	26.47816919	-4.255313889
1551	-12.3074297	6.152271459
1552	6.533290607	-12.40434528
1553	26.29341958	-4.103948917
1554	-7.975206373	-8.512381036
1555	-10.80220981	-1.112724963
1558	-15.43718832	0.6528337755
1559	3.885110412	10.41628408
1560	7.377233297	-7.020909396
1561	-2.211568563	11.46697477
1563	10.14694791	-5.272479225
1570	9.858150653	-4.161376178
1572	11.09279764	13.24716902
1574	-6.236400347	-8.052646831
1578	-4.676999182	-20.75190446
1581	2.094510603	-20.46513009
1582	-4.615552967	25.10744523
1584	-21.89334138	-8.734970049
1585	31.01568416	0.6672305612
1586	-13.70637136	-6.940846776
1587	11.34196965	-13.60459951
1588	-10.53426937	5.530497963
1589	-6.416968148	11.90018958
1591	-15.50122836	15.24856839
1592	-17.34734924	-16.8217653
1593	10.49156515	-12.47744833
1594	24.39395258	21.45522007
1596	-14.90945051	18.66924808
1597	19.96056539	-15.0810496
1598	18.30495145	-9.801675629
1599	-15.81974675	60.05130501
1600	-1.165679875	-55.44257986
1601	15.60305165	2.849650392
1602	20.33757099	13.7177126
1603	-26.07210052	-13.28224694
1604	-6.210341038	-26.91407761
1605	8.26539854	7.61339632
1606	20.04245021	3.302314095
1607	-2.672192253	12.03799508
1608	-15.00016786	6.239559228
1609	-20.91227739	-37.67833351
1610	23.24051361	-24.878186
1612	-4.303163138	15.6767825
1613	14.8250095	-6.148076726
1614	-38.0995087	16.94025157
1615	-8.780395247	-8.950098989
1617	-8.422752812	8.79585122
1620	17.27086876	15.44787669
1621	-22.49671281	-2.926637369
1622	11.96768224	2.61229904
1623	6.279389448	-8.846766767
1642	-2.688834818	18.97365102
1643	-4.626024082	-14.93623839
1644	12.36418423	5.836643967
1646	10.04237925	-0.8032158659
1648	-5.87761098	-9.677040925
1651	-5.127200751	11.33783954
1652	19.17232659	6.681955914
1653	20.17408873	-0.3617573476
1654	-25.93828072	10.49930898
1655	6.995947549	-23.8981427
1656	6.986094077	-18.09401369
1658	3.140128781	17.20272707
1660	-3.549365813	-13.37840953
1661	-40.08536842	6.715804749
1662	27.88437964	-24.79197766
1664	-23.12962516	15.36448079
1665	-3.824717193	-15.39715526
1666	9.499587155	9.843031504
1667	-19.05659815	7.211132999
1668	18.67676125	9.666274133
1669	-19.35235194	-22.69663471
1671	29.86435595	15.03983995
1672	-11.66903736	18.77234948
1675	10.21593814	-11.57318596
1676	23.41963825	8.495077807
1677	-11.51093064	13.53365714
1679	8.823727066	-14.24491629
1680	1.550582804	11.77671449
1681	2.273722024	-16.48611898
1682	1.883136352	-10.67653792
1683	4.938811278	16.97525721
1684	-5.014027016	-18.29773653
1686	-10.86239689	2.208274698
1701	-1.926077115	-10.71026589
1702	1.182325667	-10.14746968
1707	-25.05516148	0.9237634549
1710	-3.690853371	9.294710833
1713	-18.72002273	6.196633043
1714	8.769606835	-14.84682242
1715	14.93823245	-1.505074921
1716	-30.99366359	-10.04630793
1717	-4.418585267	19.89780542
1718	-9.385481427	-22.9376785
1719	-0.3218552836	16.74283456
1720	20.34491185	0.07680751042
1722	4.60194153	12.01031911
1723	-16.68637311	11.99335371
1724	11.42984908	-5.036846998
1725	-16.87803568	18.49634325
1726	-5.87227222	-15.48146584
1727	26.69162541	-0.2046988573
1728	5.49780074	21.34977411
1729	-6.870975039	-12.36971982
1730	12.30744228	-8.003621767
1731	12.20188714	7.274769684
1732	-3.830534678	-16.3824756
1733	13.74672713	-5.074312568
1735	-15.52743783	-31.5077837
1737	15.75824006	10.78586249
1738	-10.44868848	19.11064728
1739	-13.61515611	8.662846741
1740	11.14569378	8.917591876
1741	-9.779090836	-11.79269415
1742	-16.16802972	-8.579833975
1743	13.82995689	17.89918383
1744	-2.660261928	-24.39416113
1745	-4.349584968	9.295811073
1753	11.6759728	-1.140446182
1765	-1.568896328	10.38418097
1772	-5.979459526	11.99463032
1773	3.129121507	-25.2759172
1774	3.223364701	16.54948215
1776	-2.226424543	10.102738
1778	-19.99802454	11.08532665
1780	13.35533786	-4.932390739
1782	8.628538383	-11.82913967
1783	8.201698305	-12.31218703
1784	3.277800622	17.06641793
1785	-14.64448207	-9.534916633
1786	-7.957289404	-15.80899857
1787	17.89389003	-13.8311186
1789	-5.446063257	22.43424168
1790	-20.85256485	-23.17925816
1791	-6.51732391	-24.5905307
1792	31.52080314	25.5449823
1793	-52.16390575	12.44069764
1794	-17.19761338	-25.84906978
1795	21.08881034	2.861357664
1796	-13.41097364	16.7113126
1797	4.124763687	17.84646086
1799	5.197060747	18.94974726
1800	8.77278495	-5.927647563
1801	6.853434903	-20.88784639
1802	12.69536489	-5.403868508
1803	2.173369747	17.5669828
1804	-26.56654491	3.878606849
1805	-3.626987029	-12.04747782
1809	17.96844802	15.47579368
1811	-12.60382601	-9.649254512
1812	12.19433224	-7.280100277
1816	-2.32455082	10.15095774
1819	5.334239601	8.664349748
1831	-10.29951674	5.045096326
1832	-1.441495486	-9.970252716
1835	-7.41129609	-6.927611985
1836	11.72288929	10.52686231
1838	-10.60572162	-8.469283761
1839	9.870302424	4.043824241
1843	-12.69841158	-4.753171277
1845	-2.681666316	-17.21818002
1846	14.2577084	16.03287518
1847	-15.09535219	22.88938245
1848	-8.293915033	9.790883311
1849	-6.879355908	-11.74037033
1851	19.83914088	12.3903489
1852	-5.661602202	-8.309723944
1853	30.97337147	7.482376906
1854	3.75673625	18.651531
1855	-23.24807377	-13.95810692
1856	48.72820656	-12.07038304
1857	3.526640832	27.33345376
1858	-11.75905077	-17.74901147
1859	2.881868073	-14.40535622
1860	23.15247038	-20.1646717
1861	-9.085195164	-6.262593663
1863	-23.50936721	-13.17997307
1864	3.614534578	21.44061341
1865	-13.22173243	11.05290506
1866	-10.27274906	-7.931625754
1867	5.847496452	-10.10232771
1868	14.8201335	4.947461956
1871	-3.193828879	-20.01345282
1872	7.466723978	6.971280999
1873	-12.79438713	4.777810699
1874	0.4387536885	-11.97639667
1876	-9.848157766	2.183810007
1877	12.63461386	-6.692363471
1879	0.9040948562	17.83182276
1897	-10.76889943	-7.789125174
1898	4.63852011	-9.047148405
1899	-2.56604326	11.09873425
1901	-11.77941598	13.01026401
1903	-9.188853616	6.434758082
1904	0.3024577633	-10.95322456
1905	10.59397495	-9.24705021
1907	18.76353833	0.6219379289
1908	-20.69229238	5.162368676
1909	21.49528936	10.12824797
1910	-7.446931914	-16.05708031
1911	-8.412655425	5.806592784
1912	12.54757387	-29.8953447
1913	10.36135369	8.757805508
1914	-15.83107245	-9.543556796
1915	-21.42460378	10.04845471
1916	-2.106472331	-15.20830927
1918	0.1275173027	22.30452021
1919	-38.84149376	-1.42186299
1920	30.07787579	-18.22774632
1921	-4.618099132	20.89473771
1922	-12.87493601	30.81009406
1923	1.304364256	-31.71343487
1924	1.342710109	39.68666739
1925	23.57732255	1.359386485
1928	5.016069764	-12.78799368
1930	9.350533395	4.164079751
1931	-16.03665952	-11.17231173
1934	-11.06707949	-0.6901292705
1935	17.33465577	6.66035444
1937	6.901733336	18.35281524
1938	2.192456657	-13.5383942
1941	5.240572292	-9.266989935
1946	-11.54188278	-1.254327415
1961	-10.97594459	12.31080482
1962	11.06660694	-8.648324395
1963	-1.704655114	-13.97767428
1964	1.201744168	13.07833668
1966	-5.932612557	12.45750822
1967	-11.96920234	-17.01718052
1969	6.607247184	-11.53005046
1971	16.59180872	13.10064924
1972	10.9885167	-4.903845373
1973	-23.679611	14.79813956
1974	-12.02972024	-4.022797099
1975	-1.167147596	-21.17939144
1976	13.53040981	10.17045167
1977	13.09444106	20.46200756
1978	14.41546862	4.971325404
1981	-1.930055226	-26.32856125
1982	18.11466017	3.186493952
1983	-13.65671848	14.3810823
1984	-21.88582375	-32.59321183
1985	23.2049239	-4.160723192
1987	-20.64355272	1.931744409
1989	-15.7319425	-4.326665781
1990	1.394996283	21.57505467
1992	-27.68809361	-10.3858835
1993	12.60857797	-19.84562747
1994	14.27958688	4.997872289
1996	-27.39547315	15.49680647
1997	7.014368624	-7.526546097
1998	-0.9255828197	-22.09919675
1999	5.627017242	12.03305249
2000	-11.65563092	-1.730647814
2001	10.50562974	-9.810595574
2002	-2.889048129	17.84466628
2006	-1.250279499	13.84149421
2026	-3.037507665	11.85105886
2035	-13.04613935	1.114127591
2036	9.638985021	3.578020501
2038	16.19434464	0.2034262794
2039	2.38822402	-11.51227953
2042	-16.54230951	7.270149189
2045	-16.05386838	3.797350285
2046	28.09350863	-9.707558821
2047	11.27505507	23.57784859
2048	-31.671875	6.374304622e-11
2049	11.27505507	-23.57784859
2050	28.09350863	9.707558821
2051	-16.05386838	-3.797350285
2054	-16.54230951	-7.270149189
2057	2.38822402	11.51227953
2058	16.19434464	-0.2034262794
2060	9.638985021	-3.578020501
2061	-13.04613935	-1.114127591
2070	-3.037507664	-11.85105886
2090	-1.250279499	-13.84149421
2094	-2.889048128	-17.84466628
2095	10.50562974	9.810595574
2096	-11.65563092	1.730647814
2097	5.627017242	-12.03305249
2098	-0.9255828198	22.09919675
2099	7.014368624	7.526546097
2100	-27.39547315	-15.49680647
2102	14.27958688	-4.997872289
2103	12.60857797	19.84562747
2104	-27.68809361	10.3858835
2106	1.394996283	-21.57505467
2107	-15.7319425	4.326665781
2109	-20.64355272	-1.931744409
2111	23.2049239	4.160723192
2112	-21.88582375	32.59321183
2113	-13.65671848	-14.3810823
2114	18.11466017	-3.186493952
2115	-1.930055226	26.32856125
2118	14.41546862	-4.971325405
2119	13.09444106	-20.46200756
2120	13.53040981	-10.17045167
2121	-1.167147596	21.17939144
2122	-12.02972024	4.022797099
2123	-23.679611	-14.79813956
2124	10.9885167	4.903845373
2125	16.59180872	-13.10064924
2127	6.607247184	11.53005046
2129	-11.96920234	17.01718052
2130	-5.932612556	-12.45750822
2132	1.201744168	-13.07833668
2133	-1.704655114	13.97767428
2134	11.06660694	8.648324395
2135	-10.97594459	-12.31080482
2150	-11.54188278	1.254327415
2155	5.240572292	9.266989935
2158	2.192456657	13.5383942
2159	6.901733336	-18.35281524
2161	17.33465577	-6.66035444
2162	-11.06707949	0.6901292705
2165	-16.03665952	11.17231173
2166	9.350533395	-4.164079751
2168	5.016069764	12.78799368
2171	23.57732255	-1.359386485
2172	1.342710109	-39.68666739
2173	1.304364256	31.71343487
2174	-12.87493601	-30.81009406
2175	-4.618099132	-20.89473771
2176	30.07787579	18.22774632
2177	-38.84149376	1.42186299
2178	0.1275173027	-22.30452021
2180	-2.106472331	15.20830927
2181	-21.42460378	-10.04845471
2182	-15.83107245	9.543556796
2183	10.36135369	-8.757805508
2184	12.54757387	29.8953447
2185	-8.412655425	-5.806592784
2186	-7.446931913	16.05708031
2187	21.49528936	-10.12824797
2188	-20.69229238	-5.162368676
2189	18.76353833	-0.6219379289
2191	10.59397495	9.24705021
2192	0.3024577633	10.95322456
2193	-9.188853616	-6.434758082
2195	-11.77941598	-13.01026401
2197	-2.56604326	-11.09873425
2198	4.63852011	9.047148405
2199	-10.76889943	7.789125174
2217	0.9040948562	-17.83182276
2219	12.63461386	6.692363471
2220	-9.848157766	-2.183810007
2222	0.4387536883	11.97639667
2223	-12.79438713	-4.777810699
2224	7.466723978	-6.971280999
2225	-3.193828879	20.01345282
2228	14.8201335	-4.947461956
2229	5.847496452	10.10232771
2230	-10.27274906	7.931625754
2231	-13.22173243	-11.05290506
2232	3.614534578	-21.44061341
2233	-23.50936721	13.17997307
2235	-9.085195164	6.262593663
2236	23.15247038	20.1646717
2237	2.881868073	14.40535622
2238	-11.75905077	17.74901147
2239	3.526640832	-27.33345376
2240	48.72820656	12.07038304
2241	-23.24807377	13.95810692
2242	3.75673625	-18.651531
2243	30.97337147	-7.482376906
2244	-5.661602202	8.309723944
2245	19.83914088	-12.3903489
2247	-6.879355908	11.74037033
2248	-8.293915033	-9.790883311
2249	-15.09535219	-22.88938245
2250	14.2577084	-16.03287518
2251	-2.681666316	17.21818002
2253	-12.69841158	4.753171277
2257	9.870302424	-4.043824241
2258	-10.60572162	8.469283761
2260	11.72288929	-10.52686231
2261	-7.41129609	6.927611985
2264	-1.441495486	9.970252716
2265	-10.29951674	-5.045096326
2277	5.334239601	-8.664349748
2280	-2.32455082	-10.15095774
2284	12.19433224	7.280100277
2285	-12.60382601	9.649254512
2287	17.96844802	-15.47579368
2291	-3.62698703	12.04747782
2292	-26.56654491	-3.878606849
2293	2.173369747	-17.5669828
2294	12.69536489	5.403868508
2295	6.853434903	20.88784639
2296	8.77278495	5.927647563
2297	5.197060747	-18.94974726
2299	4.124763687	-17.84646086
2300	-13.41097364	-16.7113126
2301	21.08881034	-2.861357664
2302	-17.19761338	25.84906978
2303	-52.16390575	-12.44069764
2304	31.52080314	-25.5449823
2305	-6.51732391	24.5905307
2306	-20.85256485	23.17925816
2307	-5.446063257	-22.43424168
2309	17.89389003	13.8311186
2310	-7.957289404	15.80899857
2311	-14.64448207	9.534916633
2312	3.277800622	-17.06641793
2313	8.201698305	12.31218703
2314	8.628538383	11.82913967
2316	13.35533786	4.932390739
2318	-19.99802454	-11.08532665
2320	-2.226424543	-10.102738
2322	3.223364701	-16.54948215
2323	3.129121507	25.2759172
2324	-5.979459526	-11.99463032
2331	-1.568896328	-10.38418097
2343	11.6759728	1.140446182
2351	-4.349584968	-9.295811073
2352	-2.660261928	24.39416113
2353	13.82995689	-17.89918383
2354	-16.16802972	8.579833975
2355	-9.779090836	11.79269415
2356	11.14569378	-8.917591876
2357	-13.61515611	-8.662846741
2358	-10.44868848	-19.11064728
2359	15.75824006	-10.78586249
2361	-15.52743783	31.5077837
2363	13.74672713	5.074312568
2364	-3.830534678	16.3824756
2365	12.20188714	-7.274769684
2366	12.30744228	8.003621767
2367	-6.870975039	12.36971982
2368	5.49780074	-21.34977411
2369	26.69162541	0.2046988573
2370	-5.872272221	15.48146584
2371	-16.87803568	-18.49634325
2372	11.42984908	5.036846998
2373	-16.68637311	-11.99335371
2374	4.60194153	-12.01031911
2376	20.34491185	-0.0768075104
2377	-0.3218552836	-16.74283456
2378	-9.385481427	22.9376785
2379	-4.418585267	-19.89780542
2380	-30.99366359	10.04630793
2381	14.93823245	1.505074921
2382	8.769606835	14.84682242
2383	-18.72002273	-6.196633043
2386	-3.690853371	-9.294710833
2389	-25.05516148	-0.9237634549
2394	1.182325667	10.14746968
2395	-1.926077115	10.71026589
2410	-10.86239689	-2.208274698
2412	-5.014027016	18.29773653
2413	4.938811278	-16.97525721
2414	1.883136352	10.67653792
2415	2.273722024	16.48611898
2416	1.550582804	-11.77671449
2417	8.823727066	14.24491629
2419	-11.51093064	-13.53365714
2420	23.41963825	-8.495077807
2421	10.21593814	11.57318596
2424	-11.66903736	-18.77234948
2425	29.86435595	-15.03983995
2427	-19.35235194	22.69663471
2428	18.67676125	-9.666274133
2429	-19.05659815	-7.211132999
2430	9.499587155	-9.843031504
2431	-3.824717193	15.39715526
2432	-23.12962516	-15.36448079
2434	27.88437964	24.79197766
2435	-40.08536842	-6.715804749
2436	-3.549365813	13.37840953
2438	3.140128781	-17.20272707
2440	6.986094077	18.09401369
2441	6.995947549	23.8981427
2442	-25.93828072	-10.49930898
2443	20.17408873	0.3617573476
2444	19.17232659	-6.681955914
2445	-5.127200751	-11.33783954
2448	-5.87761098	9.677040925
2450	10.04237925	0.8032158659
2452	12.36418423	-5.836643967
2453	-4.626024082	14.93623839
2454	-2.688834818	-18.97365102
2473	6.279389448	8.846766767
2474	11.96768224	-2.61229904
2475	-22.49671281	2.926637369
2476	17.27086876	-15.44787669
2479	-8.422752812	-8.79585122
2481	-8.780395247	8.950098989
2482	-38.0995087	-16.94025157
2483	14.8250095	6.148076726
2484	-4.303163138	-15.6767825
2486	23.24051361	24.878186
2487	-20.91227739	37.67833351
2488	-15.00016786	-6.239559228
2489	-2.672192253	-12.03799508
2490	20.04245021	-3.302314095
2491	8.26539854	-7.61339632
2492	-6.210341038	26.91407761
2493	-26.07210052	13.28224694
2494	20.33757099	-13.7177126
2495	15.60305165	-2.849650392
2496	-1.165679875	55.44257986
2497	-15.81974675	-60.05130501
2498	18.30495145	9.801675629
2499	19.96056539	15.0810496
2500	-14.90945051	-18.66924808
2502	24.39395258	-21.45522007
2503	10.49156515	12.47744833
2504	-17.34734924	16.8217653
2505	-15.50122836	-15.24856839
2507	-6.416968148	-11.90018958
2508	-10.53426937	-5.530497963
2509	11.34196965	13.60459951
2510	-13.70637136	6.940846776
2511	31.01568416	-0.6672305612
2512	-21.89334138	8.734970049
2514	-4.615552967	-25.10744523
2515	2.094510603	20.46513009
2518	-4.676999182	20.75190446
2522	-6.236400347	8.052646831
2524	11.09279764	-13.24716902
2526	9.858150653	4.161376178
2533	10.14694791	5.272479225
2535	-2.211568563	-11.46697477
2536	7.377233297	7.020909396
2537	3.885110412	-10.41628408
2538	-15.43718832	-0.6528337755
2541	-10.80220981	1.112724963
2542	-7.975206372	8.512381036
2543	26.29341958	4.103948917
2544	6.533290607	12.40434528
2545	-12.3074297	-6.152271459
2546	26.47816919	4.255313889
2547	12.58274349	-21.93574826
2549	9.152154365	-9.959963091
2550	17.4671044	-17.39386893
2551	-15.40512802	-6.439576355
2552	-5.596402147	21.29621073
2554	-17.7440891	-16.13222906
2555	29.82619026	12.53722428
2556	2.361991723	-11.74692022
2557	-28.83111868	-1.372954679
2558	-10.04613776	-10.29282007
2559	16.47614051	-35.73808221
2560	-12.12543356	57.05520306
2561	-41.29760295	-30.93308893
2562	18.33298876	-8.79851252
2565	22.19782541	4.209035906
2566	0.8004371479	32.35814961
2567	-10.25440864	1.501806978
2568	4.335624635	14.1806154
2569	-4.938852286	-31.00626326
2570	11.995294	17.94411362
2571	7.538446565	17.71793585
2572	-2.943194258	-10.88341598
2574	10.41565096	-7.19509368
2575	-15.7600408	1.362807523
2576	-0.3902314805	-16.05095613
2577	6.982538452	18.59048598
2579	4.049923949	-11.44687376
2582	2.605507171	-14.00248782
2583	-1.686420298	12.34788685
2585	-10.19147921	-1.490033912
2598	-16.23560815	4.286178266
2599	1.641170009	12.68679482
2601	-4.404316186	10.66766947
2603	13.14587467	6.508148492
2605	1.773668884	-20.89026188
2606	19.50428652	12.09929024
2607	-0.2560374769	-21.17192207
2608	-32.26114385	6.64030068
2609	10.38580723	0.8884038734
2610	8.156805646	-13.11766533
2611	-25.49240265	20.31764482
2612	19.39533837	-1.400879379
2613	-2.922519677	43.13372987
2614	-32.09234159	0.9892577915
2615	12.06288683	-25.86681173
2616	30.23453188	-1.892931301
2618	-4.794270012	27.73216559
2620	-9.568928962	12.28636267
2621	12.17059962	22.97137081
2622	-19.61449235	-18.79682583
2623	29.47853514	-25.97767179
2624	21.15784801	22.29812028
2625	-17.90632361	8.911729979
2626	-12.06211038	-37.26301585
2627	39.27953496	8.86002911
2628	6.377918467	-25.08011265
2629	0.2738307928	34.49646959
2631	-38.29248328	-27.72921148
2632	9.032364841	-5.428059393
2633	29.02842447	-3.556136906
2634	-2.735673779	21.01973279
2636	8.631406509	13.99722708
2637	-42.0909267	0.6084798577
2639	21.17368925	-4.278557593
2640	-9.382622761	-11.2422588
2641	21.92891776	16.91997877
2642	-7.782139878	-10.14638053
2643	-9.693060865	16.14528628
2644	7.92566761	-19.71099801
2652	6.872784736	-7.834501164
2662	14.32430798	3.20168208
2664	-5.374883553	-11.5869761
2665	0.8451413924	-12.61014833
2667	-9.298500883	-4.461188548
2668	-10.13120218	-14.37338693
2669	2.460706902	12.32538431
2671	-9.317325829	20.44968866
2672	3.916629691	-10.96524395
2675	29.27478552	-1.722219686
2677	14.18873791	12.01358098
2678	-17.53192232	-11.78770886
2679	-13.23758154	28.43680484
2680	-18.13752343	-25.46636925
2681	17.05257371	-36.35451101
2682	36.73925785	5.091231031
2683	-14.03603286	10.43712516
2684	-33.55643133	-15.55428413
2685	17.14590442	11.91499249
2686	-30.3132878	-9.977438785
2688	33.90453683	2.561154593
2689	-11.03556432	-8.727861608
2690	-13.26152078	40.35289257
2691	16.26937638	-31.80899987
2692	0.2066828544	32.05739407
2693	-18.13421764	5.71253012
2695	17.49884951	-5.800199027
2696	2.596441873	-14.41633922
2700	-2.23977943	13.33468965
2701	19.76157617	0.9576444109
2702	-32.21355096	-1.604262707
2703	15.03535181	-22.88009818
2704	-4.70182419	9.839821217
2706	10.10242467	-3.546104708
2707	-1.207328871	16.78939833
2708	-17.83045368	8.275103553
2710	10.71521601	-8.71727463
2715	-0.1274461137	16.58454965
2716	-0.2304525127	-13.58160982
2719	-1.185007364	10.09768313
2726	-16.44740315	11.63229676
2729	-5.529310937	14.24131114
2732	23.61323564	5.153041904
2733	-0.4672737202	11.63623382
2735	-2.258840965	-10.23609216
2736	3.530226398	11.23764835
2738	-20.89131232	-22.79993765
2739	10.6567779	-1.988098065
2740	3.88671421	22.89334301
2741	-14.56755269	-27.48672324
2742	-1.517940382	12.48623328
2743	-0.9066839419	10.16274482
2744	-13.16001308	-5.619138763
2745	-17.90207681	18.76347778
2748	48.34827781	-0.08593415347
2749	-33.02708164	-21.6509495
2750	41.09761119	12.11078617
2752	-11.71835962	-11.24496385
2753	45.02150923	13.04460032
2754	-27.69318629	-6.219984974
2755	-3.258174038	14.69713276
2757	-21.3347179	-22.7539805
2758	32.04276736	-0.3323897081
2759	-5.266269233	-10.30432761
2760	1.034307473	59.15504281
2761	-21.27365135	-9.142687304
2762	-10.15439053	-25.72160557
2763	32.59038786	-3.256177699
2764	-9.330008222	-8.944014945
2765	10.99559693	-21.32889141
2766	-11.48890695	20.55392107
2768	-10.41973316	-22.98695618
2769	11.0976138	8.196508885
2773	-3.555525018	13.75394553
2774	-8.817887147	-13.45395116
2777	6.185661737	16.07774218
2778	-12.07305927	-19.65392225
2780	14.51132547	2.865293575
2788	-14.05715937	6.560828246
2790	9.669444858	-8.15171916
2794	8.095716866	-12.42275079
2796	-7.724068617	24.62742267
2797	-5.384668136	-16.84680909
2798	-9.094554775	5.295461652
2799	-9.477592659	9.862266514
2801	-2.524761023	-13.07165149
2802	7.809924538	12.85575489
2803	2.996601953	25.83689839
2804	12.90027856	-31.95905629
2805	-14.45304853	38.76805272
2806	11.15689564	-4.579917435
2807	-8.784987412	-35.95900622
2808	51.95221213	-18.68640664
2809	9.146389886	20.79867069
2810	-31.89052779	-2.407412783
2811	-7.288101175	-27.45375219
2812	-43.19834727	25.01449888
2813	25.66635806	-50.10032331
2815	22.66581676	59.2168077
2816	-66.50646227	-16.97938468
2817	30.84550525	-15.69135966
2818	7.452270782	41.87026583
2819	-29.17752574	4.895271469
2820	-2.665272494	-18.86587769
2821	1.003687643	-36.28016319
2822	48.70370424	34.1975757
2823	-12.32636514	30.64156093
2824	-27.68876617	-29.85607567
2825	6.885791496	23.76386429
2826	-4.274490768	-27.53123027
2827	-40.55146239	6.145678599
2828	24.55761634	0.01481598937
2829	15.36152696	11.7965704
2831	9.93304855	7.190588503
2832	-17.57531918	3.671103663
2833	14.00975689	-9.436561187
2834	-18.34208426	-6.753821131
2835	22.58339311	5.251829014
2836	-12.25275101	-15.95859082
2840	-15.22509846	-5.658421133
2844	-17.46809759	2.272870806
2854	-11.35640679	-0.2589749619
2855	-9.409221145	7.541183473
2856	9.350766051	-16.85828852
2858	9.36497648	6.545289981
2859	-7.299530113	17.46309975
2862	-16.74362038	4.87361414
2864	1.339438023	-26.26264243
2867	20.15993774	-11.41682144
2868	-24.76848194	14.77328198
2869	9.682976833	-9.151311206
2870	-30.69876353	13.40026382
2871	-10.24684249	-23.25272359
2872	-24.01257958	8.241624611
2873	45.30505972	-6.60198946
2874	38.86266469	25.3066036
2875	-38.91615787	60.0620396
2876	5.685255846	-25.15802839
2877	0.3614581861	-12.80309845
2878	29.15447319	22.67182904
2879	31.49447792	8.133281648
2880	-56.60818332	-14.75011871
2881	62.06960606	-29.25197421
2882	-31.70549295	2.963171601
2883	-10.93971968	-8.985838842
2884	8.324411268	-31.17075572
2885	13.68885614	48.44957323
2886	-29.05986035	-15.78659452
2887	-3.66575691	-16.07537136
2888	-2.484031487	12.0311559
2889	12.46684023	-25.73704101
2890	6.610576231	42.40126187
2891	4.939770968	-22.68909582
2893	-2.883122763	-28.45746514
2894	-18.97318321	16.03470659
2895	18.13086086	12.27318398
2896	-18.76521955	-1.475091188
2897	-9.558349951	15.08617117
2898	-1.362158854	-10.12604555
2901	9.583037622	8.017807007
2902	0.3304623721	-17.01240962
2903	22.73161636	3.211859659
2904	-10.86587117	6.545393619
2905	3.934518159	12.15539485
2906	-14.09432526	-17.69787668
2916	9.104550689	16.98354022
2917	-6.745258694	-14.3821015
2918	-8.458010712	7.578057309
2919	10.56926623	-7.556454016
2921	5.442088862	8.761206261
2924	14.94354818	-20.0429255
2925	-7.108890173	13.54446843
2926	-5.639924432	-13.1460942
2927	7.436642406	-10.55076027
2928	-11.92012637	2.247885588
2929	15.4650632	-8.497893619
2930	-14.6866744	-0.0572847197
2931	14.82764494	3.790241824
2932	-17.55061628	15.39176595
2933	-5.282669546	8.939446452
2934	24.46550134	-26.99828564
2936	17.32481381	18.14627669
2937	-19.00949997	-31.72794179
2938	-0.835972286	-18.35036143
2939	48.62052797	3.333839134
2940	-38.53893399	-15.41991846
2941	-28.62177066	42.44020788
2942	6.398195438	-65.59683925
2943	-25.90321726	50.03320936
2944	-33.03332204	35.34654075
2945	-17.38588906	-4.382008049
2946	44.43265357	-41.01670217
2947	-0.09467603351	61.83700053
2948	62.23285728	-8.813015795
2949	-50.20343609	9.128661528
2950	-10.93089981	18.14688769
2951	6.375526197	-59.74019811
2953	29.79353168	-10.40787297
2955	-8.297507005	-7.09150585
2956	-22.81420603	44.20100183
2957	6.668604145	-19.5881765
2958	-0.6891688749	-12.04966784
2959	12.12642172	3.241635561
2962	-24.15795365	-4.277958997
2963	9.947469265	6.321833103
2964	-14.78654636	-20.9649162
2966	-12.15612586	23.59619638
2967	6.664790646	-14.79611532
2969	16.98460955	6.378137734
2970	3.084800899	17.87695627
2971	-14.74553172	-9.886741649
2972	-8.837219176	9.470570241
2973	12.410063	-9.11347426
2977	-8.92877901	-6.29160387
2979	14.53228215	2.983463107
2983	7.695762751	7.907678104
2985	-17.4396804	8.886578819
2988	-10.08007529	10.73834851
2989	-18.31337242	-16.28690727
2990	15.71675749	8.435851484
2991	10.69241516	-5.966896411
2992	-8.945869727	5.486392717
2993	15.48755095	5.919597256
2994	37.53883787	22.42102558
2995	-34.41802818	11.4911695
2996	8.326767871	-20.02734487
2997	-19.37902347	10.34729334
2998	14.22157771	-47.24959561
2999	6.802756572	17.88254717
3000	15.21353424	-1.880219197
3001	2.923664112	48.74767695
3002	-48.69832075	4.125298414
3003	-28.39381074	-12.09936163
3004	59.9045298	7.173669733
3005	19.51479567	-6.602847605
3006	6.336926673	20.08030308
3007	20.06053556	-6.912903895
3008	4.965842671	-59.60228914
3009	-15.89407644	12.74447127
3010	0.3957061228	-32.31726515
3012	-36.00208379	34.68967479
3013	-11.822898	13.01759298
3014	-7.541096834	-31.08181077
3015	7.661849142	32.0347157
3016	17.29380558	-25.3315997
3017	-13.3595815	28.95775536
3018	14.6317286	19.15830954
3019	20.92823444	7.486143388
3020	-19.72882241	-4.041784636
3021	17.79883932	-0.686122509
3022	-21.19520617	-1.46253706
3023	13.32976811	-21.14530158
3024	11.00169375	11.02696828
3025	36.10687684	-14.09067313
3026	-18.53339579	16.03060344
3027	21.02633069	-1.583625627
3028	-5.986402626	11.00126134
3029	1.091660619	-37.53655275
3031	12.50347775	-6.32802096
3032	-16.20385835	-1.368538085
3033	-4.801675815	-8.804172517
3035	14.51334134	3.281909093
3037	-16.62293275	12.15554855
3038	5.484037713	-9.79030476
3043	-18.3734799	-2.757646719
3045	-1.396475194	-10.97625883
3046	6.822084429	8.020168035
3049	5.099923005	15.55599559
3050	11.66561974	0.8805448139
3051	-14.46577847	4.58618312
3052	-23.1134845	-17.99164784
3053	23.75080764	-9.440743418
3055	-2.768937811	-17.6522906
3056	10.45919788	4.330563484
3057	17.53013216	2.452595026
3058	-33.20961466	-4.681499866
3059	2.427848257	10.21395043
3060	-14.33622776	11.20848258
3061	-7.426866595	-14.14480162
3062	-16.2661698	-3.57888006
3063	13.18074872	10.71955839
3064	33.35796898	-7.953215408
3065	-10.30264419	-4.961694568
3066	16.42417098	70.67410595
3067	-28.15151469	-62.09335263
3068	-56.0277127	-20.91668983
3069	11.19677226	-9.643109705
3070	21.1941632	-3.440267551
3071	-56.26293442	39.0297067
3072	30.375	-20.671875
3073	39.80520699	36.58049286
3074	-26.69695402	32.79190225
3075	19.18044878	-10.63560737
3077	20.19394784	-81.54176355
3078	10.45811499	32.03265153
3079	13.77807114	6.196792664
3080	-19.99567324	5.579675349
3081	-29.17427538	-9.029977859
3082	22.33874601	-16.19624025
3083	-26.47783749	-1.72687304
3084	-6.613791589	20.52039799
3085	-17.674015	-8.793928628
3086	-15.43069766	5.507643179
3087	12.84429488	2.523493972
3088	-48.07914589	2.231402466
3089	29.7810281	-7.080087975
3090	-13.04472269	11.1722661
3092	7.348043952	15.81544097
3093	5.528427402	20.79033645
3094	-16.90306325	16.8034189
3095	10.92937142	-8.387200765
3096	10.43717665	-0.1190052125
3102	-6.334228847	12.15818474
3105	6.140124546	19.81032833
3107	2.925607436	-15.12602946
3109	5.348401989	8.50921458
3113	13.85268596	4.143341059
3114	-14.86363113	-10.16734823
3116	17.63541228	-2.151593697
3117	4.260549825	12.28664941
3118	-6.224697234	-15.9045373
3120	7.752110525	27.21524788
3122	-13.33866152	0.02951935167
3123	32.05780965	7.293542504
3124	-16.29767142	0.8004241947
3125	12.06687919	-23.78872612
3126	16.35684904	28.5324923
3127	4.241166312	-26.17766347
3128	-14.49004629	8.466099358
3129	-20.24834447	-9.091571712
3130	12.67700805	-7.623646018
3131	1.615321332	20.09814637
3133	21.76184764	-9.025550901
3135	-25.35410917	24.30877932
3136	32.13709799	-108.3635339
3137	9.878742125	83.69796503
3138	-24.10493138	-19.39341174
3139	-44.15166273	-2.58401022
3140	1.437775407	-31.8174869
3141	31.68740612	19.85564039
3142	36.81353074	37.00563366
3143	-28.52432369	10.16851022
3144	24.88467277	-0.8187158287
3145	-33.79089731	-17.99393434
3146	32.53160405	20.5570056
3147	-6.332571684	-41.73733611
3148	20.8590754	15.67485287
3149	46.07664847	14.99222244
3150	-37.51945271	-10.10076064
3151	7.499361719	-19.19990274
3152	8.515662041	19.20768573
3153	-1.254141345	-34.10724485
3154	-22.15211582	-10.91417685
3155	20.83688595	-16.26419613
3156	-11.1384289	-6.601873427
3157	1.035500014	-29.89300736
3158	7.112422432	17.90664309
3159	-19.98047086	5.278317254
3161	-12.65988842	-11.44284732
3164	-10.40798676	-2.121037124
3166	17.44769887	-12.9433807
3168	-13.83484722	4.393038871
3169	-17.08390384	-7.058845212
3170	2.407738515	-11.14389815
3176	-6.948196355	-8.337836951
3177	-10.71454838	-8.041566169
3180	-3.001611843	16.50149794
3181	-8.101397793	-27.58518676
3182	14.64260181	16.19414761
3183	17.45731009	33.57215048
3185	-24.86888989	-5.238672527
3187	-35.71060611	-3.339797104
3188	10.99157802	-45.36955966
3189	-2.502219714	22.76651125
3190	-13.76713999	-11.11445763
3191	18.37071085	18.46396058
3192	0.7348103403	10.14072088
3193	-16.76012522	69.27656338
3194	-42.60681082	-85.39810926
3195	26.93319113	-15.7910581
3196	41.26394541	-5.702400254
3197	17.57413173	20.603228
3198	-12.31168114	40.03214732
3199	-35.48059755	7.4245184
3200	5.519736911	-63.00864018
3201	-23.05799635	88.77007499
3202	21.9885572	-51.96639151
3203	-30.43586411	-12.31206555
3204	62.27228006	26.2977562
3205	8.779909063	6.925522982
3206	-81.486491	-11.48631142
3207	24.02845306	7.611992843
3208	-10.51558823	-5.290107016
3209	-0.8166958687	19.28184835
3210	-21.09132399	1.761462144
3211	27.22444888	-23.9807805
3212	-25.89363635	6.723019516
3213	11.98125884	-29.16416493
3214	35.92878098	74.51472459
3215	-21.55955037	-29.99252416
3216	-21.00515778	40.23233585
3217	16.60592477	0.1809952088
3218	-2.26035175	12.72219143
3219	-33.17280319	-17.78371398
3220	45.48138709	24.80522678
3221	0.4846907701	-14.32129184
3222	16.75979811	2.798186729
3224	11.73357055	4.581746729
3226	-14.30573519	-11.14338936
3227	14.41286292	2.736659008
3228	7.917142637	-13.71926942
3229	4.284710818	22.98707391
3230	-8.663979115	5.103658223
3232	13.08297947	-3.452343541
3234	8.375552269	9.306939459
3235	-9.615792058	3.903911646
3239	12.30163451	14.39250402
3240	12.81618794	-0.8439727665
3241	3.179889123	11.60279325
3242	-13.54361611	-3.381986786
3244	20.51732352	-31.78156242
3245	22.41018383	-11.96335901
3246	6.995339537	25.55081992
3247	-12.23553878	-14.24414563
3248	-24.32978079	7.258335323
3250	-34.07984688	12.02922997
3251	11.26729859	-4.058041785
3252	4.74616744	-17.83826676
3253	8.420549355	10.43404756
3254	24.66419915	-25.51982024
3255	10.74248499	1.449957849
3257	-19.44752637	-36.29595512
3258	32.47987453	29.74239142
3259	-73.48938207	-11.1300497
3260	20.2999457	-31.14499616
3261	28.05884888	9.455622364
3262	15.82107568	40.46070174
3263	-56.75110372	0.7151622821
3264	73.68133684	22.42953755
3265	-30.81627427	-46.53766057
3266	25.97289798	-2.077293414
3267	21.04885907	-24.84732633
3268	-9.256689163	37.34600533
3269	-51.84285868	19.88906683
3270	26.3279815	-37.06461176
3271	-29.17125363	-8.593585243
3272	29.44419188	-19.9927776
3273	19.50700983	-4.215293448
3274	-45.31098979	17.69230909
3276	-0.1292028043	30.50484368
3277	-17.03698242	-43.67146425
3278	4.548106605	-15.22674292
3279	27.01076205	6.440227983
3280	2.621563212	13.21702044
3281	-22.27068928	-21.29129477
3282	39.18075063	19.04176361
3283	-18.70162108	-2.629299903
3284	-31.73560554	9.250827556
3286	-5.230216044	-21.48470967
3291	-12.6000256	5.236672098
3293	-0.04249809523	-21.99342979
3295	-4.422864636	10.80812401
3298	-11.22652264	2.300893509
3299	2.537302554	-11.61160128
3303	15.76661251	0.7910083757
3304	-31.30585601	2.51755524
3305	-25.5045206	-1.310333334
3306	5.966788365	-8.050407348
3307	13.17287017	-10.23504039
3308	-0.02941448586	17.87969606
3309	-14.02649178	42.08676868
3310	-18.43925835	8.713990628
3311	13.51752768	1.6589134
3312	6.138042043	-16.04989234
3313	-0.405569714	31.18347577
3314	2.084949536	-30.40156148
3315	3.152375508	-28.06447119
3316	-15.5389856	44.35466765
3317	2.392554795	-47.38162962
3318	20.71702015	27.9505614
3319	-26.30451574	19.65329785
3320	-3.504836314	31.00056418
3321	28.50232884	-48.24302835
3322	24.59688458	26.32844418
3323	9.185249993	44.30341311
3324	44.23939214	-31.46768127
3325	-85.44541188	11.46550326
3326	33.79568803	-37.85592158
3327	-43.05837666	-73.75197868
3328	32.83181399	37.26553761
3329	-69.90049936	15.839946
3330	42.3906793	23.55758721
3331	-13.47256057	33.59628354
3332	9.945279017	38.61063997
3333	-14.62662538	-8.38361609
3334	7.154927065	-69.50697435
3335	19.31809068	45.02421713
3336	17.4136683	-8.71072813
3337	10.03433193	-12.79702324
3338	50.17071694	46.47748647
3339	-37.58460337	-4.601886911
3340	-17.66900656	-16.6388598
3341	-3.57224504	-18.05004853
3342	-1.118431628	34.7289402
3343	-11.13145178	-80.00827133
3344	21.52357804	25.86561248
3346	-9.501692251	11.35188061
3348	14.58165748	7.970646483
3349	-13.36456718	18.47020364
3351	-16.15902985	-8.477354537
3352	1.539493417	-11.42553141
3353	17.60589414	-1.478450524
3355	16.02015882	-0.3224033457
3356	-9.802800933	9.192420591
3357	1.451515937	15.09636967
3362	13.07401725	3.892720635
3363	11.88291523	10.23666585
3364	11.7086796	-8.882731093
3367	-10.25871856	-4.17630001
3368	2.680557836	-18.81261703
3369	25.39532327	-9.254416785
3370	20.53801941	4.83555055
3371	-11.40578138	4.194044078
3372	14.33765767	7.510641628
3373	-13.46295937	-20.49435588
3374	28.40248432	-6.101672873
3375	-30.3001854	-18.49942995
3376	-34.99257482	31.82316457
3377	2.292067687	-37.23036791
3378	0.6830291221	-18.23903914
3379	-7.414500007	15.98330283
3380	37.02955314	-42.48460425
3381	20.97778597	20.26720532
3382	12.02344131	18.90290663
3383	-41.95087864	14.32512816
3384	-0.0580255452	-61.58002052
3385	-15.38067681	61.29203226
3386	-81.27598269	-68.87264355
3387	101.0218923	-12.89679182
3388	-50.32772324	97.19130215
3389	13.44679122	55.73263921
3390	-66.18340652	33.88791221
3391	44.02829834	-76.75737067
3392	89.45788584	19.44660154
3393	41.39084153	-4.840153585
3394	-53.44394697	-26.00129285
3395	3.116206646	-25.36644231
3396	-76.43884051	-87.79669117
3397	57.05533763	9.636250153
3398	-21.25459285	64.89641675
3399	-39.17575765	-47.22698953
3400	39.78895269	38.31757557
3401	-53.74938161	-23.41529866
3402	25.77962331	20.43925875
3403	8.402777743	11.78837862
3404	32.53559047	42.62325096
3405	-60.44348638	-15.3797298
3406	39.69150992	22.03387426
3407	-26.19172031	12.60098513
3408	10.1968656	-46.7589786
3409	-9.282057892	20.53671182
3410	63.37266967	-26.10951933
3411	-29.94929016	27.19196035
3412	8.531968356	-11.59864027
3414	9.955699436	-32.82366361
3415	8.573313367	11.81314583
3416	-10.80848824	-7.113649322
3423	-15.52355741	4.550793484
3424	0.7691224642	-14.61860505
3427	-14.18890705	-1.506863575
3428	-9.752945362	23.99293967
3430	-21.42198541	-5.015132119
3431	11.17056252	-18.2308231
3432	-14.48829422	2.506770575
3433	15.61024764	36.21190096
3434	-19.75140108	-24.56746583
3437	23.12578363	10.85014649
3438	-22.45111394	36.16733662
3439	-8.500353949	10.99840926
3440	-23.07280212	-11.28985361
3441	33.71997761	-33.5136481
3442	-6.474007454	-8.933262544
3443	28.00016141	9.570855795
3444	15.60620083	4.830958402
3445	3.484301461	51.25927577
3446	-32.95807554	-24.528253
3447	41.1505402	14.68214578
3448	23.91060029	15.59602918
3449	-47.18166039	1.541423179
3450	56.31609455	7.62223751
3451	-8.013185822	-92.87624556
3452	13.51491872	-6.723244385
3453	12.854877	-55.01840505
3454	-22.54712048	46.11234031
3455	-172.0560391	-61.916671
3456	160.2838639	15.66698552
3457	-159.0731894	132.0395898
3458	-38.657448	27.63592808
3459	80.70793284	-37.64951532
3460	-17.93619627	-8.005966287
3461	117.4054718	47.27096843
3462	28.80979473	-36.31152651
3463	-35.19621017	26.88243614
3464	8.221747199	-19.42591628
3465	-5.616424258	-27.08469563
3467	-55.62660953	-72.58777856
3468	72.4855739	22.18117769
3469	-23.52662036	-1.042561948
3471	5.013983272	27.19151886
3472	-16.48561082	14.49982821
3473	-48.08761062	1.691842801
3474	-21.8202007	-11.48087986
3475	33.80682157	-22.53408297
3476	-10.19182559	2.042018172
3477	8.478621552	29.43133399
3478	-7.154308699	30.21726608
3479	-6.252182019	-25.66932436
3480	4.661220702	19.02675432
3481	18.33170819	1.343917853
3482	-3.716106317	10.03205508
3484	-8.616201458	9.113517256
3485	10.83430331	4.976222334
3486	6.327477017	-14.25473894
3489	9.969487101	13.10252381
3492	4.049719464	-10.56915222
3494	15.00122736	-4.145089358
3496	13.43145782	19.98321544
3497	-13.57040872	-39.88816287
3499	17.6558426	26.14545048
3500	14.96205532	-13.39138633
3501	-21.68003934	14.277003
3502	-12.97012919	-22.69816917
3503	-15.06924113	-26.88093509
3504	31.91853143	-21.04478112
3505	-9.960763652	3.257126136
3506	21.13372183	7.452477541
3507	18.04591564	4.98504647
3508	-8.397042478	33.97735899
3509	-48.64147252	-36.97429806
3510	18.76821266	22.8320131
3511	8.998783905	-13.0280791
3512	-81.80292665	42.83105412
3513	9.349962806	-48.51661548
3514	45.23888735	-19.61586388
3515	-70.22433157	161.3148789
3516	32.96453699	-49.04831409
3517	-12.53721142	26.77872701
3518	110.1451632	-49.72595093
3519	71.15103801	-25.33719747
3520	31.48923759	86.5573986
3521	-77.05702633	-139.7504081
3522	46.68739564	-34.4616008
3523	-45.36186932	-49.03084054
3524	52.80488844	-5.245266996
3525	-153.3158405	35.32189654
3526	19.32043832	-0.2691782124
3527	30.27266025	34.92892848
3528	-65.26316942	60.08228944
3529	-10.75783322	-0.4292645596
3530	41.74705151	-40.66449131
3531	1.548692508	48.49447558
3532	1.402680808	-33.15362259
3533	19.91907962	-11.20381995
3534	33.73242026	0.7940275417
3535	-21.87325711	4.539976891
3536	27.84642942	-3.335037928
3537	15.64802455	8.326045316
3538	-24.46249296	6.82750164
3539	-20.76587812	8.482541687
3540	11.10137908	-39.47440224
3541	9.976089926	-30.57335628
3542	12.9010934	-8.562102292
3543	9.599957785	23.80963574
3544	-20.34391029	-5.583061359
3545	-14.72541545	-10.21927912
3547	-11.77321466	-13.44000527
3550	4.535165881	9.246770703
3551	-13.6294605	-5.617518097
3553	-15.14928913	-7.20315374
3555	-13.99664159	5.265280159
3556	2.056402746	10.76157298
3557	3.707984731	-19.42565748
3558	-19.66177963	10.64109112
3560	-12.99735754	-19.53874669
3561	26.89667971	11.84675926
3562	-1.589874802	20.78351564
3563	-17.86037267	13.00857258
3565	-43.57546587	-23.66148963
3566	17.95143526	11.8875792
3567	22.38544381	-12.16027114
3569	12.66174804	-3.381747408
3570	17.58210434	11.92538874
3571	4.696106205	26.43090008
3572	-22.64786245	-27.22677235
3573	43.52334005	66.51282107
3574	-23.18520211	-13.33670784
3575	-81.56939041	14.98022844
3576	26.27074661	-105.5105493
3577	52.13421662	9.619385206
3578	19.6526768	23.14417617
3579	-42.89254388	-62.69268911
3580	18.92287264	66.02908726
3581	-110.4498625	-26.86715701
3582	-164.3547972	43.76234655
3583	221.7012451	-114.4592003
3584	-155.9995664	250.8677031
3585	70.75042517	-210.9064463
3586	53.18959727	109.4552909
3587	71.68772407	95.10660404
3588	-17.90902602	40.64608252
3589	33.38720477	0.7660304802
3590	1.9078143	-51.81978096
3591	-18.13295408	-66.82199959
3592	111.3198617	-69.45292663
3593	-67.15483162	109.6309413
3594	-11.90104188	-45.14608964
3595	-84.90470344	-3.519880598
3596	51.32944677	-17.41055019
3597	-27.70028684	21.05762615
3598	-9.078994213	-31.38538018
3599	20.94346775	42.53896857
3600	-2.889435239	-25.82009675
3601	-3.354840172	11.69120076
3602	-1.669713821	-15.87243384
3603	29.45176484	20.620269
3604	-26.63264183	7.850687426
3605	3.022166473	25.36964855
3606	-15.09089145	4.723873058
3607	7.525475797	-14.58826852
3608	24.99983568	13.22534524
3611	17.65599471	6.477920614
3614	-5.100904059	-18.70695143
3615	20.70247033	6.254769474
3616	-3.906976641	-9.942752153
3617	12.21037561	16.48900792
3618	-4.819995325	9.239037285
3619	5.392061824	-10.7577661
3622	10.59510894	-0.9876366749
3623	18.01484501	-21.96058446
3624	10.23999729	7.076755008
3625	-4.509878107	16.69508179
3626	-11.99763329	-10.7201057
3627	9.535924454	-5.930940149
3628	-13.63442781	-16.78141128
3629	15.39535458	4.800111831
3631	-1.515952506	-30.49794547
3632	-12.27239415	16.64853084
3633	21.14208041	-2.910898976
3634	-8.906251714	19.96530045
3635	10.67394883	-7.485257516
3636	10.33558645	25.3979635
3637	-59.51553022	21.60925288
3638	-28.82854575	-31.66441227
3639	47.92422474	-49.15952802
3640	55.76755433	16.48495382
3641	10.83231011	51.68442279
3642	-63.85200935	-28.88078881
3643	46.07737389	-18.08022908
3644	106.6867834	55.8182815
3645	-68.61692274	-108.0133136
3646	0.3083757474	-14.55412384
3647	68.16912902	-63.77222613
3648	-160.7313327	102.2954852
3649	20.61018917	-117.851
3650	15.10095733	-7.23540666
3651	110.231066	31.58022397
3652	-140.220347	3.105679529
3653	-71.83655346	-14.35631254
3654	29.10786478	8.793533653
3655	-57.24935143	96.14154949
3656	-4.394110104	-53.02018648
3657	57.5698858	6.984941753
3658	57.69649857	-5.214481077
3659	0.5753402649	94.97388251
3660	-34.96402688	-29.97913068
3662	-12.54963452	-13.44396782
3663	-19.87139938	-36.50633452
3664	18.0061449	17.36079662
3665	36.09232745	-27.93823578
3666	-23.11680829	38.42630637
3667	14.14539495	-11.14445937
3669	1.376512402	-19.17869536
3671	-20.05872363	21.80742996
3672	-11.04670869	-18.40137917
3673	-9.669367368	-21.73544397
3674	0.230469132	11.93491387
3677	8.038338154	6.517859852
3678	5.484102679	13.39014092
3679	-10.67578696	-1.103304834
3682	-1.515220831	-18.4185781
3683	-7.279587275	9.605329885
3685	-8.402857501	-5.553174778
3686	3.751482918	11.33038943
3687	-1.185167234	25.17377127
3688	-12.84608068	9.717927251
3689	-16.41722795	-19.58541086
3690	12.08231952	5.618788535
3691	10.99017855	0.08702446387
3692	-4.978279008	-9.548327535
3693	-3.995450346	14.53258682
3694	0.9400753184	-11.9178901
3695	10.31448209	20.42150382
3696	18.65183389	-12.33736777
3697	-2.484312764	42.7613203
3698	7.835694027	-21.3728294
3699	-51.52496689	15.83026886
3700	-40.63403916	42.07069984
3701	6.764438678	-121.7810112
3702	16.97431601	-13.50491415
3703	3.174925341	22.85243835
3704	-6.732325683	74.63552902
3705	-55.15035119	-74.56757407
3706	34.55964713	40.88966649
3707	26.91745085	137.5483343
3708	-153.7309664	-138.2504886
3709	8.409602249	119.5633852
3710	248.1777095	-60.89546263
3711	35.19864027	11.80688527
3712	-58.45725896	159.6384215
3713	115.4588796	-43.79824556
3714	-264.5901635	-146.6561895
3715	33.32142484	163.4105139
3716	155.9165894	-157.4307957
3717	-53.5045481	117.6156766
3718	-3.564232908	-34.16547545
3719	94.3960899	-108.524929
3720	-40.95326834	36.47123896
3721	-26.7597344	10.63198621
3722	-29.04003724	-8.360107567
3723	36.91352299	-100.5428389
3724	-11.28293917	69.45343885
3725	24.90004159	33.75017691
3726	-37.1002764	-20.0007749
3727	14.29400845	26.37824191
3728	-27.30308577	-31.13384094
3730	22.25789727	-30.59449558
3731	-16.27268496	20.0757629
3732	5.27140394	21.98960659
3733	-11.41274513	11.68309391
3734	-14.20882899	8.697742434
3735	5.011127977	-18.65593035
3736	16.9447003	10.3449361
3738	6.582927757	-11.78386962
3740	13.15350407	-1.393214659
3741	-17.9663866	5.857464857
3746	21.68193292	10.44181814
3747	-2.444166422	-20.95606044
3748	11.00734591	2.390410987
3751	-15.39868028	-22.28782261
3752	-9.999027908	6.654988106
3753	34.89274386	21.93205182
3754	-31.444078	-32.54215747
3755	-29.51460466	16.73717165
3756	44.83975072	12.29192863
3757	-3.659370502	-28.20898529
3758	15.48495023	4.514869514
3759	-16.61851277	-12.69083099
3760	26.2562446	43.49287286
3761	14.31276655	-18.23856321
3762	-66.48711943	49.24875171
3763	26.02637915	30.07106025
3764	-35.0984104	-131.2814765
3765	40.10132238	70.78253622
3766	22.08913825	9.005961369
3767	28.14228096	-12.95954533
3768	7.143365565	-123.3803527
3769	59.66835003	122.1530146
3770	51.32294913	-29.61172867
3771	-149.6601943	-29.61599952
3772	-61.92538994	-29.31830462
3773	102.1835041	-145.4421836
3774	-187.6003402	35.43192364
3775	327.9490178	-162.9879923
3776	-82.95192638	446.847773
3777	-150.4671638	-3.957711553
3778	-8.27044698	-83.66452471
3779	-37.61144068	-46.22210002
3780	-27.43326415	-119.3690931
3781	180.4547861	10.17422149
3782	-98.93834233	-3.92661115
3783	-40.91516028	191.2178472
3784	0.9521572394	-123.848376
3785	-6.031516802	20.51873614
3787	10.39262678	66.43294888
3788	-5.450037126	-113.7102603
3789	37.73555663	43.72067223
3790	41.34738123	4.343898859
3791	-19.28669251	11.34578507
3792	0.8898123646	31.6139967
3794	10.31380784	14.191015
3795	-5.018151881	-36.92577753
3796	-10.41923003	14.4646622
3797	21.43249454	-30.53271232
3798	-0.491593335	-17.61443612
3799	-5.857922755	18.93580566
3800	-13.15037462	-11.4171432
3801	10.2985536	-9.695676411
3802	-13.41809814	-1.636077202
3805	17.58911379	-12.68636174
3806	-13.03717978	-2.628609197
3808	-9.804861742	4.115336112
3809	-0.8271421916	-14.5325721
3810	-25.11528698	-1.198564367
3811	8.122450997	19.95428498
3813	-4.094025184	-19.24390251
3814	-9.49812627	20.37117013
3815	27.22764281	8.847381956
3817	-33.85418256	-18.06185169
3819	38.05297652	-14.14821088
3820	-30.77782734	-27.28605365
3821	-14.33495863	26.26069899
3822	10.79281761	11.20727841
3825	-39.09826501	-12.23175849
3826	16.34410643	-6.832193863
3827	-33.41523494	-61.76667133
3828	64.41461633	51.04954332
3829	-41.68825098	-5.823394802
3830	-17.22076672	-62.29617044
3831	-2.364689297	68.32060069
3832	45.86767533	27.95759187
3833	-112.1179722	82.41474225
3834	-34.10510636	-11.88716223
3835	14.53921546	-140.1048854
3836	137.11446	114.9374496
3837	-6.519439703	-44.11576674
3838	-30.77695525	98.30968625
3839	-74.92367839	-47.61533191
3840	-86.40865486	154.26244
3841	228.4257519	-197.6589483
3842	-167.3073532	92.58122783
3843	192.1432346	-40.65835918
3844	-150.6708745	112.8263112
3845	31.69069753	-35.83514404
3846	-13.62847925	-71.65733385
3847	176.2956928	16.76059985
3848	-65.17909556	46.47280314
3849	-11.76031484	7.795447906
3850	-35.7356748	-51.02582938
3851	49.60099062	-78.37374802
3852	-41.0100067	82.35658204
3853	-7.66714866	-69.35026547
3854	9.025807661	36.81153746
3855	22.40174851	-28.27987397
3856	-26.61764635	16.47593531
3857	-0.4071125333	24.85412747
3858	-25.41299767	2.836336737
3859	0.3058574341	10.68378523
3860	-9.765245516	-4.850816698
3861	-3.33781915	30.1917559
3863	17.3729154	-20.08270458
3864	18.27615062	20.530964
3865	3.106447049	16.97107435
3866	11.8419386	3.040054084
3867	-9.002354191	5.012627243
3868	14.74653061	3.104422587
3869	-13.75012019	5.890239772
3870	12.41480027	5.105500187
3872	10.76534025	-9.101592346
3873	11.55981691	11.74416714
3874	19.49611206	-7.710830327
3875	-9.710953791	-5.956988592
3876	-4.09327522	-10.48245503
3877	0.5476346723	28.46423056
3878	9.417403393	-17.68419061
3879	-30.43157672	-11.20896689
3880	-10.66913909	14.26081342
3881	55.76896572	-20.63133558
3882	-9.929379617	9.856511683
3883	-8.558897582	31.57608877
3884	37.52429323	11.87196123
3885	13.49078518	-12.14384344
3886	-23.82886527	7.147449436
3887	-18.61607592	3.012635573
3888	-5.906727657	-15.59723767
3889	12.93394054	-23.88733457
3891	71.3861528	6.735059366
3892	-64.80465037	-3.97677614
3893	41.62206666	-24.15278545
3894	94.20532892	48.41882432
3895	26.25727889	-6.431914878
3896	-105.1543409	86.30210006
3897	19.79679786	-121.3160448
3898	65.4028688	-12.30383795
3899	-71.87677634	-23.24959578
3900	41.56132363	70.45582259
3901	196.8697198	-92.74849399
3902	198.7956382	-16.59681028
3903	42.26527506	617.4426994
3904	-1085.068407	-1027.814748
3905	804.7226011	-88.72146122
3906	-248.4076378	276.7969376
3907	88.14154799	97.03439533
3908	-100.8596891	41.68927389
3909	83.87530561	-84.45586924
3910	-84.74467457	50.76216772
3911	-119.0770579	21.36393114
3912	112.6219747	-69.64880589
3913	-51.25635686	17.4956562
3914	61.65051837	129.9234652
3915	-87.25586769	-9.009991958
3916	66.2124089	-31.43499377
3917	2.532455228	28.95642459
3918	-15.19141778	8.923431952
3919	22.12932755	-2.638019256
3920	-15.27319895	-20.49572854
3921	12.44451114	21.81980524
3922	24.8088259	-45.81627357
3923	-32.75734794	9.905336617
3924	13.80334006	-20.23655268
3925	-19.96454339	-16.31121507
3926	39.57377127	-0.553346353
3927	-36.8692047	0.4377627268
3928	-13.41712037	-5.450103891
3929	12.53352543	-13.70118235
3930	-14.87945328	-3.377976869
3931	-8.195959476	14.27128583
3932	-13.91203163	-0.2446562431
3934	-16.93198378	-9.145951616
3935	-3.473015332	14.95005379
3937	-14.32635741	-2.06851753
3938	-6.48936083	10.45922644
3939	6.433111802	15.00931816
3941	-32.33007982	-4.453860207
3943	7.710075482	-22.74949406
3944	8.872103898	-7.594983349
3945	-19.51026938	35.45901931
3946	5.170323981	-20.21795003
3947	13.8297204	-22.91147972
3948	-48.46291237	-1.175330776
3949	-6.20372241	77.95075768
3950	37.8164119	-42.47799135
3951	-50.90397491	3.34074423
3952	8.073304755	12.24914599
3953	-19.59946961	5.397821246
3954	5.559926219	-19.93250534
3955	-37.15406162	-22.89444399
3956	7.105461769	-30.85617346
3957	117.3568004	58.66113929
3958	-150.039657	-27.5345635
3959	-7.764876221	96.5932059
3960	-17.92571843	-112.0372315
3961	66.51022859	92.49572666
3962	-217.0891404	-68.55364095
3963	10.9128161	32.66563142
3964	238.5839542	-145.6765586
3965	-272.578764	-190.175505
3966	-119.1397191	789.0261582
3967	395.3233445	646.6694655
3968	-1073.040807	-564.7303632
3969	946.8193076	-50.84777385
3970	567.3636389	-244.4018175
3971	-158.1123692	-153.5464979
3972	-158.5685553	350.7519174
3973	86.34568251	-14.38338434
3974	-177.0643079	-206.5930571
3975	173.7169472	48.52202069
3976	-63.06775075	2.493485877
3977	50.82794111	-56.30363709
3978	-48.08742497	-94.88293656
3979	112.8749003	53.29701184
3980	-71.25565099	34.73719424
3981	-27.77868715	-5.371469209
3982	-40.94920158	5.663056244
3983	-2.422533732	-18.08521264
3985	-13.76087936	-22.44482708
3986	-12.86524806	39.6413548
3987	54.96025513	-22.74452082
3989	14.11118794	18.42023411
3990	-21.13361671	25.91573671
3991	35.5910979	-37.72545802
3992	1.048241326	28.83724189
3994	11.17903963	10.09963952
3995	9.886749839	-28.34551523
3997	12.77664587	2.696077882
3998	18.34802677	-6.50348109
3999	-5.775554527	-19.85801467
4001	17.36817266	-4.206597159
4002	2.730464587	-9.771522579
4003	-13.43434268	-15.76223903
4004	-4.607339595	16.29082274
4005	32.13009711	-13.59691549
4007	-18.17344281	-10.67151729
4008	-6.612642075	34.02946086
4009	25.34458181	-68.61864964
4010	7.559511308	33.7373628
4012	14.61026359	18.56626593
4013	17.06803713	-45.34579358
4014	-25.96674402	-11.53649064
4015	-13.87981129	30.380878
4016	32.63687905	-10.21701832
4017	-3.366996323	-33.71658232
4018	40.72506652	6.572277234
4019	-21.95594048	-7.226596788
4020	78.60966123	115.5346315
4021	-73.26595145	-96.10056628
4022	5.932612079	23.15047705
4023	31.8888735	28.94016157
4024	76.30973643	-68.58410046
4025	-222.7931209	2.727182241
4026	248.5374156	-218.2999322
4027	103.6158537	209.6886304
4028	211.0411693	-24.92532983
4029	-126.6160014	-40.10976584
4030	343.0279539	-129.183952
4031	-332.7030515	-592.293339
4032	-555.4855434	-154.8951751
4033	-387.2238533	161.3172152
4034	202.5524673	391.9455993
4035	-78.99781675	-101.1671217
4036	38.56393394	302.3985726
4037	276.0384943	-196.9218227
4038	-15.67453497	305.2711466
4039	-247.4433752	-128.5525126
4040	59.53769155	107.4879085
4041	56.93063085	-38.79726872
4042	18.19605954	-35.05987446
4043	-117.827592	101.1148288
4044	210.0963466	-21.67185631
4045	-76.15117526	-38.52881916
4046	1.770804303	63.91322383
4047	-17.68148475	34.56288899
4048	15.25159729	-19.93049142
4049	-21.30063724	-80.72025354
4050	-45.95330032	-7.015500343
4051	51.19533578	37.43115029
4052	40.86933289	-70.87969168
4053	-27.42497798	20.36722653
4054	41.34777614	23.25491171
4055	-11.09556205	72.62658958
4056	-13.96427203	-35.71381762
4057	-57.12629571	18.86713252
4058	-18.44950663	2.462478996
4059	4.523041768	21.99626731
4060	1.54648027	-33.23232231
4061	-17.2220112	7.832166136
4062	6.88333872	11.5080978
4063	14.94407614	20.35620715
4065	-20.29943167	11.53058525
4066	-17.91675412	9.744119649
4067	23.60920338	11.60342179
4068	2.572124164	-44.01535047
4069	-13.73440746	20.63989882
4070	20.1994076	10.89083485
4071	43.18469051	46.42886261
4072	37.54600349	-36.70102302
4073	-51.00707601	70.49732025
4074	-36.21851261	40.89952321
4075	20.94525003	5.358477921
4076	-64.13062554	-75.96859591
4077	-46.22900324	12.70510611
4078	18.41279199	-15.05778149
4079	103.5774779	-51.39887624
4080	6.374548148	-68.57010649
4081	-18.48321201	95.63675349
4082	22.8541378	86.44160694
4083	72.78363463	-29.05452331
4084	-203.945094	-47.26186701
4085	47.30404084	117.6999673
4086	-9.579038044	8.369559403
4087	-14.49755367	-189.3818326
4088	-200.4314076	108.687844
4089	392.3852588	-18.75159351
4090	84.02275419	226.4200996
4091	-354.3403689	-137.1264726
4092	-220.6992102	364.7579928
4093	-33.15160576	704.4425911
4094	-312.5893998	-677.6832354
4095	-2212.805303	-491.5067557
